Pressure (Mbar) | Density (g cm^-3) | dP/dRho (Mbar g^-1 cm^3) | d^2P/dRho^2 (Mbar g^-2 cm^6)

1.000000e-05 8.415209e-04 0.011751 5.948776
1.023293e-05 8.551746e-04 0.011833 5.948776
1.047129e-05 8.690260e-04 0.011915 5.933119
1.071519e-05 9.063524e-04 0.011908 -0.192798
1.096478e-05 9.209795e-04 0.011992 5.779355
1.122018e-05 9.358427e-04 0.012077 5.734309
1.148154e-05 9.509459e-04 0.012163 5.683200
1.174898e-05 9.662929e-04 0.012250 5.669798
1.202264e-05 9.819003e-04 0.012338 5.618428
1.230269e-05 9.977525e-04 0.012426 5.539502
1.258925e-05 1.013861e-03 0.012514 5.488862
1.288250e-05 1.030231e-03 0.012603 5.439167
1.318257e-05 1.046866e-03 0.012691 5.260477
1.348963e-05 1.063754e-03 0.012785 5.604629
1.380384e-05 1.080926e-03 0.012878 5.401096
1.412538e-05 1.098379e-03 0.012972 5.351235
1.445440e-05 1.116116e-03 0.013066 5.301874
1.479108e-05 1.134150e-03 0.013157 5.043255
1.513561e-05 1.152448e-03 0.013251 5.172522
1.548817e-05 1.171053e-03 0.013346 5.098200
1.584893e-05 1.189960e-03 0.013442 5.050990
1.621810e-05 1.209174e-03 0.013538 5.004747
1.659587e-05 1.228700e-03 0.013635 5.008953
1.698244e-05 1.248541e-03 0.013735 5.001255
1.737801e-05 1.268690e-03 0.013834 4.921354
1.778279e-05 1.289163e-03 0.013934 4.879519
1.819701e-05 1.309963e-03 0.014034 4.838398
1.862087e-05 1.331097e-03 0.014135 4.752558
1.905461e-05 1.352583e-03 0.014235 4.664296
1.949845e-05 1.374430e-03 0.014337 4.657624
1.995262e-05 1.396630e-03 0.014439 4.616733
2.041738e-05 1.419152e-03 0.014543 4.599685
2.089296e-05 1.442073e-03 0.014649 4.609975
2.137962e-05 1.465386e-03 0.014756 4.621626
2.187762e-05 1.489027e-03 0.014864 4.535896
2.238721e-05 1.513040e-03 0.014972 4.501732
2.290868e-05 1.537430e-03 0.015081 4.468299
2.344229e-05 1.562204e-03 0.015192 4.497698
2.398833e-05 1.587366e-03 0.015300 4.292849
2.454709e-05 1.612959e-03 0.015410 4.300425
2.511886e-05 1.638966e-03 0.015521 4.262304
2.570396e-05 1.665392e-03 0.015633 4.224680
2.630268e-05 1.692245e-03 0.015744 4.159111
2.691535e-05 1.719531e-03 0.015860 4.245462
2.754229e-05 1.747235e-03 0.015976 4.179513
2.818383e-05 1.775376e-03 0.016093 4.149597
2.884032e-05 1.803964e-03 0.016209 4.083196
2.951209e-05 1.833001e-03 0.016327 4.053700
3.019952e-05 1.862512e-03 0.016446 4.015965
3.090295e-05 1.892505e-03 0.016565 3.978074
3.162278e-05 1.922980e-03 0.016685 3.943456
3.235937e-05 1.953946e-03 0.016806 3.909136
3.311311e-05 1.985411e-03 0.016928 3.855212
3.388442e-05 2.017382e-03 0.017055 3.986191
3.467369e-05 2.049819e-03 0.017183 3.951846
3.548134e-05 2.082789e-03 0.017310 3.849264
3.630781e-05 2.116281e-03 0.017438 3.818760
3.715352e-05 2.150304e-03 0.017566 3.757576
3.801894e-05 2.184867e-03 0.017692 3.664040
3.890451e-05 2.219981e-03 0.017822 3.677677
3.981072e-05 2.255653e-03 0.017955 3.731778
4.073803e-05 2.291897e-03 0.018087 3.637896
4.168694e-05 2.328721e-03 0.018218 3.579052
4.265795e-05 2.366136e-03 0.018353 3.604674
4.365158e-05 2.404139e-03 0.018491 3.621367
4.466836e-05 2.442739e-03 0.018628 3.544380
4.570882e-05 2.481949e-03 0.018766 3.516148
4.677351e-05 2.521780e-03 0.018907 3.559475
4.786301e-05 2.562241e-03 0.019050 3.516279
4.897788e-05 2.603364e-03 0.019189 3.396871
5.011872e-05 2.645109e-03 0.019332 3.417189
5.128614e-05 2.687509e-03 0.019476 3.391601
5.248075e-05 2.730575e-03 0.019621 3.374608
5.370318e-05 2.774316e-03 0.019770 3.397081
5.495409e-05 2.818765e-03 0.019918 3.339729
5.623413e-05 2.863921e-03 0.020067 3.302896
5.754399e-05 2.909789e-03 0.020218 3.277675
5.888437e-05 2.956380e-03 0.020371 3.288865
6.025596e-05 3.003704e-03 0.020523 3.208293
6.165950e-05 3.051796e-03 0.020673 3.132175
6.309573e-05 3.100614e-03 0.020828 3.163236
6.456542e-05 3.150196e-03 0.020983 3.140214
6.606934e-05 3.200554e-03 0.021138 3.067383
6.760830e-05 3.251700e-03 0.021298 3.139564
6.918310e-05 3.303614e-03 0.021463 3.178023
7.079458e-05 3.356363e-03 0.021627 3.106698
7.244360e-05 3.409939e-03 0.021793 3.084024
7.413102e-05 3.464352e-03 0.021959 3.061616
7.585776e-05 3.519630e-03 0.022128 3.059762
7.762471e-05 3.575761e-03 0.022297 2.999438
7.943282e-05 3.632780e-03 0.022468 3.000725
8.128305e-05 3.690691e-03 0.022640 2.977305
8.317638e-05 3.749506e-03 0.022814 2.955727
8.511380e-05 3.809241e-03 0.022992 2.976254
8.709636e-05 3.869944e-03 0.023166 2.866245
8.912509e-05 3.931561e-03 0.023344 2.892323
9.120108e-05 3.994138e-03 0.023524 2.871924
9.332543e-05 4.057690e-03 0.023705 2.851422
9.549926e-05 4.122233e-03 0.023888 2.831089
9.772372e-05 4.187819e-03 0.024072 2.805935
1.000000e-04 4.254395e-03 0.024257 2.789979
1.023293e-04 4.322001e-03 0.024445 2.770936
1.047129e-04 4.390652e-03 0.024634 2.752051
1.071519e-04 4.460340e-03 0.024828 2.784618
1.096478e-04 4.531175e-03 0.025025 2.787526
1.122018e-04 4.603061e-03 0.025221 2.730668
1.148154e-04 4.676055e-03 0.025419 2.712276
1.174898e-04 4.750174e-03 0.025619 2.694303
1.202264e-04 4.825434e-03 0.025824 2.726494
1.230269e-04 4.901844e-03 0.026027 2.649788
1.258925e-04 4.979438e-03 0.026232 2.646844
1.288250e-04 5.058230e-03 0.026439 2.629068
1.318257e-04 5.138237e-03 0.026648 2.611479
1.348963e-04 5.219477e-03 0.026859 2.594032
1.380384e-04 5.301969e-03 0.027072 2.577042
1.412538e-04 5.385807e-03 0.027286 2.552548
1.445440e-04 5.470887e-03 0.027502 2.540031
1.479108e-04 5.557263e-03 0.027720 2.524483
1.513561e-04 5.644865e-03 0.027942 2.535258
1.548817e-04 5.733948e-03 0.028171 2.569521
1.584893e-04 5.824434e-03 0.028397 2.496986
1.621810e-04 5.916238e-03 0.028625 2.489233
1.659587e-04 6.009442e-03 0.028856 2.473891
1.698244e-04 6.104065e-03 0.029088 2.458602
1.737801e-04 6.200130e-03 0.029323 2.443437
1.778279e-04 6.297657e-03 0.029560 2.428396
1.819701e-04 6.396668e-03 0.029799 2.413478
1.862087e-04 6.497185e-03 0.030040 2.398681
1.905461e-04 6.599230e-03 0.030283 2.384004
1.949845e-04 6.702825e-03 0.030535 2.429290
1.995262e-04 6.808027e-03 0.030789 2.410993
2.041738e-04 6.914876e-03 0.031042 2.367394
2.089296e-04 7.023354e-03 0.031297 2.352423
2.137962e-04 7.133403e-03 0.031554 2.338940
2.187762e-04 7.245204e-03 0.031816 2.342285
2.238721e-04 7.358779e-03 0.032080 2.327830
2.290868e-04 7.473925e-03 0.032347 2.311290
2.344229e-04 7.590797e-03 0.032615 2.298475
2.398833e-04 7.709417e-03 0.032886 2.285892
2.454709e-04 7.829813e-03 0.033162 2.292562
2.511886e-04 7.951840e-03 0.033444 2.311964
2.570396e-04 8.075933e-03 0.033726 2.270539
2.630268e-04 8.201915e-03 0.034011 2.256752
2.691535e-04 8.329813e-03 0.034297 2.242998
2.754229e-04 8.459656e-03 0.034595 2.288591
2.818383e-04 8.591473e-03 0.034891 2.246625
2.884032e-04 8.725145e-03 0.035183 2.189043
2.951209e-04 8.860731e-03 0.035482 2.205652
3.019952e-04 8.998364e-03 0.035785 2.200062
3.090295e-04 9.138033e-03 0.036093 2.204165
3.162278e-04 9.279773e-03 0.036407 2.214283
3.235937e-04 9.423599e-03 0.036719 2.173445
3.311311e-04 9.569702e-03 0.037036 2.165785
3.388442e-04 9.718008e-03 0.037355 2.153608
3.467369e-04 9.868548e-03 0.037678 2.141274
3.548134e-04 1.002136e-02 0.038011 2.181559
3.630781e-04 1.017651e-02 0.038339 2.111505
3.715352e-04 1.033381e-02 0.038673 2.123076
3.801894e-04 1.049343e-02 0.039010 2.112921
3.890451e-04 1.065539e-02 0.039350 2.102834
3.981072e-04 1.081973e-02 0.039699 2.123250
4.073803e-04 1.098642e-02 0.040056 2.140000
4.168694e-04 1.115554e-02 0.040411 2.100693
4.265795e-04 1.132726e-02 0.040769 2.082619
4.365158e-04 1.150141e-02 0.041131 2.076187
4.466836e-04 1.167810e-02 0.041502 2.100828
4.570882e-04 1.185736e-02 0.041884 2.134439
4.677351e-04 1.203922e-02 0.042261 2.071818
4.786301e-04 1.222388e-02 0.042643 2.068210
4.897788e-04 1.241126e-02 0.043029 2.058326
5.011872e-04 1.260141e-02 0.043428 2.100800
5.128614e-04 1.279436e-02 0.043822 2.038352
5.248075e-04 1.299019e-02 0.044209 1.977840
5.370318e-04 1.318873e-02 0.044610 2.022737
5.495409e-04 1.339012e-02 0.045016 2.014908
5.623413e-04 1.359440e-02 0.045426 2.006746
5.754399e-04 1.380161e-02 0.045846 2.023987
5.888437e-04 1.401176e-02 0.046273 2.034146
6.025596e-04 1.422501e-02 0.046702 2.012377
6.165950e-04 1.444149e-02 0.047133 1.991457
6.309573e-04 1.466100e-02 0.047569 1.982924
6.456542e-04 1.488366e-02 0.048014 1.999929
6.606934e-04 1.510952e-02 0.048475 2.041154
6.760830e-04 1.533865e-02 0.048932 1.997127
6.918310e-04 1.557110e-02 0.049393 1.982751
7.079458e-04 1.580689e-02 0.049859 1.974784
7.244360e-04 1.604607e-02 0.050330 1.969008
7.413102e-04 1.628868e-02 0.050816 2.004304
7.585776e-04 1.653469e-02 0.051307 1.994445
7.762471e-04 1.678409e-02 0.051800 1.976441
7.943282e-04 1.703698e-02 0.052298 1.970310
8.128305e-04 1.729341e-02 0.052802 1.964098
8.317638e-04 1.755341e-02 0.053321 1.996475
8.511380e-04 1.781699e-02 0.053845 1.987964
8.709636e-04 1.808435e-02 0.054371 1.966575
8.912509e-04 1.835568e-02 0.054901 1.953703
9.120108e-04 1.863071e-02 0.055437 1.949453
9.332543e-04 1.890961e-02 0.055985 1.966881
9.549926e-04 1.919243e-02 0.056550 1.995404
9.772372e-04 1.947897e-02 0.057110 1.956549
1.000000e-03 1.976966e-02 0.057678 1.952862
1.023293e-03 2.006441e-02 0.058252 1.947331
1.047129e-03 2.036326e-02 0.058832 1.941645
1.071519e-03 2.066627e-02 0.059429 1.968745
1.096478e-03 2.097348e-02 0.060036 1.977122
1.122018e-03 2.128491e-02 0.060646 1.958349
1.148154e-03 2.160063e-02 0.061263 1.953320
1.174898e-03 2.192069e-02 0.061886 1.948062
1.202264e-03 2.224516e-02 0.062530 1.984883
1.230269e-03 2.257409e-02 0.063185 1.991139
1.258925e-03 2.290731e-02 0.063839 1.961433
1.288250e-03 2.324499e-02 0.064499 1.955037
1.318257e-03 2.358723e-02 0.065168 1.954349
1.348963e-03 2.393411e-02 0.065844 1.950281
1.380384e-03 2.428568e-02 0.066542 1.983104
1.412538e-03 2.464178e-02 0.067240 1.960962
1.445440e-03 2.500291e-02 0.067946 1.954113
1.479108e-03 2.536892e-02 0.068659 1.950511
1.513561e-03 2.573986e-02 0.069382 1.946754
1.548817e-03 2.611580e-02 0.070121 1.966280
1.584893e-03 2.649680e-02 0.070896 2.034007
1.621810e-03 2.688305e-02 0.071669 2.000705
1.659587e-03 2.727410e-02 0.072444 1.983555
1.698244e-03 2.767028e-02 0.073229 1.981215
1.737801e-03 2.807164e-02 0.074023 1.978754
1.778279e-03 2.847825e-02 0.074839 2.005531
1.819701e-03 2.888999e-02 0.075673 2.026427
1.862087e-03 2.930700e-02 0.076510 2.006793
1.905461e-03 2.972986e-02 0.077353 1.994735
1.949845e-03 3.015785e-02 0.078205 1.990479
1.995262e-03 3.059134e-02 0.079077 2.010281
2.041738e-03 3.103040e-02 0.079971 2.037327
2.089296e-03 3.147488e-02 0.080861 2.001974
2.137962e-03 3.192549e-02 0.081765 2.005900
2.187762e-03 3.238195e-02 0.082680 2.004721
2.238721e-03 3.284433e-02 0.083606 2.003131
2.290868e-03 3.331270e-02 0.084561 2.038001
2.344229e-03 3.378712e-02 0.085560 2.105693
2.398833e-03 3.426699e-02 0.086554 2.071527
2.454709e-03 3.475310e-02 0.087553 2.054649
2.511886e-03 3.524533e-02 0.088564 2.054567
2.570396e-03 3.574375e-02 0.089588 2.054596
2.630268e-03 3.624843e-02 0.090629 2.061652
2.691535e-03 3.675954e-02 0.091693 2.082339
2.754229e-03 3.727681e-02 0.092782 2.105560
2.818383e-03 3.779979e-02 0.093846 2.035337
2.884032e-03 3.832969e-02 0.094989 2.155375
2.951209e-03 3.886618e-02 0.096099 2.070119
3.019952e-03 3.940935e-02 0.097245 2.110131
3.090295e-03 3.995919e-02 0.098388 2.077987
3.162278e-03 4.051603e-02 0.099547 2.081795
3.235937e-03 4.107979e-02 0.100721 2.082456
3.311311e-03 4.165054e-02 0.101910 2.083141
3.388442e-03 4.222837e-02 0.103041 1.957731
3.467369e-03 4.281334e-02 0.104353 2.241552
3.548134e-03 4.340601e-02 0.105755 2.366708
3.630781e-03 4.400420e-02 0.107067 2.193252
3.715352e-03 4.460936e-02 0.108396 2.195013
3.801894e-03 4.522157e-02 0.109742 2.199115
3.890451e-03 4.584089e-02 0.111130 2.241287
3.981072e-03 4.646740e-02 0.112518 2.214732
4.073803e-03 4.710139e-02 0.113920 2.212493
4.168694e-03 4.774311e-02 0.115359 2.241984
4.265795e-03 4.839132e-02 0.116788 2.204235
4.365158e-03 4.904793e-02 0.118281 2.273760
4.466836e-03 4.971220e-02 0.119774 2.247357
4.570882e-03 5.038423e-02 0.121317 2.296671
4.677351e-03 5.106426e-02 0.122872 2.286534
4.786301e-03 5.175135e-02 0.124439 2.280557
4.897788e-03 5.244623e-02 0.126027 2.285441
5.011872e-03 5.314897e-02 0.127637 2.290952
5.128614e-03 5.385967e-02 0.129268 2.294520
5.248075e-03 5.457839e-02 0.130980 2.383019
5.370318e-03 5.530505e-02 0.132726 2.402264
5.495409e-03 5.604030e-02 0.134466 2.365988
5.623413e-03 5.678383e-02 0.136229 2.372128
5.754399e-03 5.753572e-02 0.138018 2.378454
5.888437e-03 5.829604e-02 0.139833 2.388149
6.025596e-03 5.906488e-02 0.141702 2.430415
6.165950e-03 5.984216e-02 0.143605 2.447951
6.309573e-03 6.062773e-02 0.145528 2.448230
6.456542e-03 6.142185e-02 0.147478 2.455583
6.606934e-03 6.222422e-02 0.149413 2.411431
6.760830e-03 6.303557e-02 0.151428 2.483159
6.918310e-03 6.385574e-02 0.153509 2.537690
7.079458e-03 6.468483e-02 0.155641 2.572026
7.244360e-03 6.552245e-02 0.157758 2.526538
7.413102e-03 6.636902e-02 0.159904 2.534919
7.585776e-03 6.722463e-02 0.162080 2.544197
7.762471e-03 6.808937e-02 0.164289 2.553581
7.943282e-03 6.896331e-02 0.166563 2.601910
8.128305e-03 6.984654e-02 0.168900 2.646796
8.317638e-03 7.073859e-02 0.171252 2.636075
8.511380e-03 7.163980e-02 0.173632 2.641043
8.709636e-03 7.255032e-02 0.176047 2.652209
8.912509e-03 7.347023e-02 0.178497 2.663596
9.120108e-03 7.439962e-02 0.180991 2.683790
9.332543e-03 7.533857e-02 0.183560 2.735086
9.549926e-03 7.628774e-02 0.186174 2.754104
9.772372e-03 7.724674e-02 0.188817 2.756903
1.000000e-02 7.821550e-02 0.191500 2.769388
1.023293e-02 7.919269e-02 0.194159 2.721142
1.047129e-02 8.018128e-02 0.196932 2.804867
1.071519e-02 8.118006e-02 0.199783 2.854261
1.096478e-02 8.218912e-02 0.202706 2.896858
1.122018e-02 8.320785e-02 0.205617 2.857775
1.148154e-02 8.423621e-02 0.208570 2.870808
1.174898e-02 8.527479e-02 0.211566 2.884595
1.202264e-02 8.632368e-02 0.214606 2.899051
1.230269e-02 8.738297e-02 0.217690 2.910986
1.258925e-02 8.845274e-02 0.220885 2.987018
1.288250e-02 8.953312e-02 0.224149 3.020622
1.318257e-02 9.062375e-02 0.227427 3.006024
1.348963e-02 9.172499e-02 0.230755 3.021828
1.380384e-02 9.283694e-02 0.234133 3.038208
1.412538e-02 9.395966e-02 0.237563 3.054754
1.445440e-02 9.509325e-02 0.241049 3.075299
1.479108e-02 9.623780e-02 0.244668 3.162119
1.513561e-02 9.739396e-02 0.248355 3.189105
1.548817e-02 9.856120e-02 0.252062 3.175870
1.584893e-02 9.973957e-02 0.255826 3.193810
1.621810e-02 1.009292e-01 0.259648 3.212538
1.659587e-02 1.021286e-01 0.263463 3.180883
1.698244e-02 1.033413e-01 0.267431 3.272677
1.737801e-02 1.045655e-01 0.271483 3.309104
1.778279e-02 1.058014e-01 0.275567 3.305068
1.819701e-02 1.070482e-01 0.279701 3.315330
1.862087e-02 1.083067e-01 0.283897 3.334401
1.905461e-02 1.095771e-01 0.288159 3.354528
1.949845e-02 1.108594e-01 0.292486 3.374860
1.995262e-02 1.121536e-01 0.296891 3.403516
2.041738e-02 1.134600e-01 0.301453 3.491660
2.089296e-02 1.147799e-01 0.306115 3.532197
2.137962e-02 1.161104e-01 0.310788 3.512034
2.187762e-02 1.174531e-01 0.315531 3.532918
2.238721e-02 1.188081e-01 0.320349 3.555758
2.290868e-02 1.201755e-01 0.325243 3.578833
2.344229e-02 1.215554e-01 0.330209 3.598520
2.398833e-02 1.229478e-01 0.335287 3.647383
2.454709e-02 1.243527e-01 0.340474 3.691644
2.511886e-02 1.257700e-01 0.345726 3.705665
2.570396e-02 1.271999e-01 0.351060 3.730562
2.630268e-02 1.286427e-01 0.356479 3.756203
2.691535e-02 1.300976e-01 0.361893 3.721074
2.754229e-02 1.315662e-01 0.367545 3.848347
2.818383e-02 1.330479e-01 0.373316 3.894920
2.884032e-02 1.345427e-01 0.379122 3.884251
2.951209e-02 1.360503e-01 0.385003 3.900739
3.019952e-02 1.375713e-01 0.390977 3.927577
3.090295e-02 1.391057e-01 0.397046 3.955160
3.162278e-02 1.406536e-01 0.403211 3.983023
3.235937e-02 1.422152e-01 0.409447 3.993403
3.311311e-02 1.437904e-01 0.415909 4.102254
3.388442e-02 1.453799e-01 0.422553 4.179938
3.467369e-02 1.469823e-01 0.429203 4.150368
3.548134e-02 1.485986e-01 0.435959 4.179666
3.630781e-02 1.502287e-01 0.442823 4.210617
3.715352e-02 1.518729e-01 0.449797 4.241887
3.801894e-02 1.535313e-01 0.456878 4.269770
3.890451e-02 1.552038e-01 0.464059 4.293487
3.981072e-02 1.568906e-01 0.471368 4.332830
4.073803e-02 1.585918e-01 0.478841 4.392943
4.168694e-02 1.603074e-01 0.486435 4.426081
4.265795e-02 1.620375e-01 0.494151 4.460116
4.365158e-02 1.637822e-01 0.501992 4.494499
4.466836e-02 1.655406e-01 0.509819 4.451146
4.570882e-02 1.673148e-01 0.517974 4.596151
4.677351e-02 1.691041e-01 0.526305 4.656012
4.786301e-02 1.709082e-01 0.534772 4.693500
4.897788e-02 1.727268e-01 0.543300 4.689145
5.011872e-02 1.745606e-01 0.551964 4.724481
5.128614e-02 1.764098e-01 0.560769 4.761690
5.248075e-02 1.782743e-01 0.569717 4.799286
5.370318e-02 1.801543e-01 0.578592 4.720451
5.495409e-02 1.820499e-01 0.587947 4.935001
5.623413e-02 1.839613e-01 0.597482 4.988733
5.754399e-02 1.858889e-01 0.607365 5.127297
5.888437e-02 1.878317e-01 0.617146 5.034020
6.025596e-02 1.897905e-01 0.627081 5.072297
6.165950e-02 1.917654e-01 0.637180 5.113769
6.309573e-02 1.937564e-01 0.647445 5.155687
6.456542e-02 1.957637e-01 0.657573 5.045278
6.606934e-02 1.977873e-01 0.668314 5.307982
6.760830e-02 1.998287e-01 0.679493 5.476149
6.918310e-02 2.018859e-01 0.690509 5.354781
7.079458e-02 2.039597e-01 0.701701 5.396709
7.244360e-02 2.060503e-01 0.713078 5.442023
7.413102e-02 2.081579e-01 0.724644 5.487837
7.585776e-02 2.102824e-01 0.736401 5.534157
7.762471e-02 2.124232e-01 0.748252 5.535902
7.943282e-02 2.145824e-01 0.760231 5.547590
8.128305e-02 2.167596e-01 0.772431 5.603696
8.317638e-02 2.189551e-01 0.784901 5.679838
8.511380e-02 2.211685e-01 0.797579 5.727719
8.709636e-02 2.233999e-01 0.810466 5.775367
8.912509e-02 2.256494e-01 0.823566 5.823545
9.120108e-02 2.279172e-01 0.836883 5.872260
9.332543e-02 2.302034e-01 0.850204 5.826672
9.549926e-02 2.325081e-01 0.863660 5.838415
9.772372e-02 2.348343e-01 0.877412 5.912012
1.000000e-01 2.371773e-01 0.891520 6.021097
1.023293e-01 2.395392e-01 0.905857 6.070151
1.047129e-01 2.419203e-01 0.920431 6.120532
1.071519e-01 2.443207e-01 0.935245 6.171453
1.096478e-01 2.467404e-01 0.950302 6.222917
1.122018e-01 2.491797e-01 0.965625 6.281883
1.148154e-01 2.516385e-01 0.980526 6.059952
1.174898e-01 2.541179e-01 0.995385 5.993077
1.202264e-01 2.566180e-01 1.011167 6.312471
1.230269e-01 2.591386e-01 1.027219 6.368291
1.258925e-01 2.616798e-01 1.043532 6.419318
1.288250e-01 2.642418e-01 1.060110 6.470856
1.318257e-01 2.668247e-01 1.076958 6.522909
1.348963e-01 2.694287e-01 1.094007 6.547321
1.380384e-01 2.720541e-01 1.110320 6.213781
1.412538e-01 2.747005e-01 1.127294 6.413651
1.445440e-01 2.773706e-01 1.144642 6.497388
1.479108e-01 2.800635e-01 1.162420 6.601615
1.513561e-01 2.827790e-01 1.180484 6.652196
1.548817e-01 2.855171e-01 1.198834 6.701785
1.584893e-01 2.882781e-01 1.217476 6.751803
1.621810e-01 2.910621e-01 1.236413 6.802255
1.659587e-01 2.938693e-01 1.254867 6.573749
1.698244e-01 2.966998e-01 1.273744 6.669042
1.737801e-01 2.995551e-01 1.293380 6.877159
1.778279e-01 3.024353e-01 1.313184 6.875957
1.819701e-01 3.053400e-01 1.333297 6.924124
1.862087e-01 3.082693e-01 1.353723 6.973134
1.905461e-01 3.112235e-01 1.374469 7.022542
1.949845e-01 3.142026e-01 1.395539 7.072351
1.995262e-01 3.172071e-01 1.415716 6.715752
2.041738e-01 3.202369e-01 1.437211 7.094385
2.089296e-01 3.232924e-01 1.458964 7.119459
2.137962e-01 3.263773e-01 1.482018 7.473042
2.187762e-01 3.294860e-01 1.504555 7.250014
2.238721e-01 3.326212e-01 1.527425 7.294367
2.290868e-01 3.357831e-01 1.550648 7.344442
2.344229e-01 3.389720e-01 1.574229 7.394909
2.398833e-01 3.421882e-01 1.598176 7.445771
2.454709e-01 3.454314e-01 1.622180 7.401233
2.511886e-01 3.487009e-01 1.645877 7.247784
2.570396e-01 3.520001e-01 1.670474 7.455384
2.630268e-01 3.553283e-01 1.695653 7.565643
2.691535e-01 3.586850e-01 1.721222 7.617174
2.754229e-01 3.620703e-01 1.747183 7.668762
2.818383e-01 3.654846e-01 1.773544 7.720755
2.884032e-01 3.689281e-01 1.800311 7.773158
2.951209e-01 3.724009e-01 1.826728 7.606693
3.019952e-01 3.759035e-01 1.852423 7.336201
3.090295e-01 3.794359e-01 1.878146 7.282148
3.162278e-01 3.830074e-01 1.905553 7.673531
3.235937e-01 3.866106e-01 1.933331 7.709422
3.311311e-01 3.902463e-01 1.961515 7.751966
3.388442e-01 3.939149e-01 1.990114 7.795673
3.467369e-01 3.976166e-01 2.019135 7.839657
3.548134e-01 4.013519e-01 2.048583 7.883920
3.630781e-01 4.051208e-01 2.076652 7.447618
3.715352e-01 4.089238e-01 2.104174 7.236883
3.801894e-01 4.127650e-01 2.132142 7.280990
3.890451e-01 4.166491e-01 2.161838 7.645568
3.981072e-01 4.205709e-01 2.191995 7.689580
4.073803e-01 4.245307e-01 2.222568 7.720883
4.168694e-01 4.285289e-01 2.253563 7.752292
4.265795e-01 4.325665e-01 2.285051 7.798475
4.365158e-01 4.366430e-01 2.317202 7.886823
4.466836e-01 4.407591e-01 2.346586 7.138931
4.570882e-01 4.449151e-01 2.375763 7.020522
4.677351e-01 4.491184e-01 2.405926 7.176138
4.786301e-01 4.533689e-01 2.437739 7.484420
4.897788e-01 4.576634e-01 2.469988 7.509271
5.011872e-01 4.620023e-01 2.502640 7.525458
5.128614e-01 4.663861e-01 2.535700 7.541508
5.248075e-01 4.708154e-01 2.569174 7.557419
5.370318e-01 4.752906e-01 2.602933 7.543379
5.495409e-01 4.798124e-01 2.633161 6.685118
5.623413e-01 4.843783e-01 2.661523 6.211613
5.754399e-01 4.890069e-01 2.694310 7.083617
5.888437e-01 4.936867e-01 2.727561 7.105112
6.025596e-01 4.984183e-01 2.761169 7.102955
6.165950e-01 5.032024e-01 2.795138 7.100414
6.309573e-01 5.080398e-01 2.829471 7.097487
6.456542e-01 5.129310e-01 2.865317 7.328536
6.606934e-01 5.178769e-01 2.897730 6.553648
6.760830e-01 5.228780e-01 2.929895 6.431465
6.918310e-01 5.279408e-01 2.962519 6.443922
7.079458e-01 5.330704e-01 2.996942 6.710541
7.244360e-01 5.382610e-01 3.031726 6.701521
7.413102e-01 5.435148e-01 3.067491 6.807490
7.585776e-01 5.488301e-01 3.102538 6.593503
7.762471e-01 5.542089e-01 3.138465 6.679301
7.943282e-01 5.596520e-01 3.173944 6.518220
8.128305e-01 5.651604e-01 3.209049 6.373004
8.317638e-01 5.707368e-01 3.244333 6.327365
8.511380e-01 5.763830e-01 3.280753 6.450388
8.709636e-01 5.820982e-01 3.317495 6.428783
8.912509e-01 5.878835e-01 3.354542 6.403691
9.120108e-01 5.937399e-01 3.391895 6.378078
9.332543e-01 5.996685e-01 3.429553 6.351944
9.549926e-01 6.056704e-01 3.467081 6.252758
9.772372e-01 6.117466e-01 3.505253 6.282076
1.000000e+00 6.179022e-01 3.543942 6.285304
1.023293e+00 6.241294e-01 3.582278 6.156229
1.047129e+00 6.304347e-01 3.620874 6.121212
1.071519e+00 6.368192e-01 3.659757 6.090137
1.096478e+00 6.432844e-01 3.698955 6.062999
1.122018e+00 6.498313e-01 3.738413 6.026929
1.148154e+00 6.564613e-01 3.778047 5.978001
1.174898e+00 6.631757e-01 3.820784 6.364924
1.202264e+00 6.699753e-01 3.863777 6.322881
1.230269e+00 6.768563e-01 3.906340 6.185638
1.258925e+00 6.838252e-01 3.945701 5.648051
1.288250e+00 6.908823e-01 3.987807 5.966501
1.318257e+00 6.980292e-01 4.030179 5.928748
1.348963e+00 7.052671e-01 4.072860 5.896797
1.380384e+00 7.125976e-01 4.118351 6.205721
1.412538e+00 7.200221e-01 4.162818 5.989277
1.445440e+00 7.275327e-01 4.204850 5.596307
1.479108e+00 7.351444e-01 4.249106 5.814233
1.513561e+00 7.428536e-01 4.293726 5.787912
1.548817e+00 7.506619e-01 4.338665 5.755271
1.584893e+00 7.585708e-01 4.383921 5.722175
1.621810e+00 7.665819e-01 4.429493 5.688625
1.659587e+00 7.746968e-01 4.480639 6.302630
1.698244e+00 7.829173e-01 4.527975 5.758247
1.737801e+00 7.912302e-01 4.571855 5.278684
1.778279e+00 7.996629e-01 4.619322 5.628798
1.819701e+00 8.082055e-01 4.667197 5.604341
1.862087e+00 8.168599e-01 4.715416 5.571668
1.905461e+00 8.256276e-01 4.763978 5.538608
1.949845e+00 8.345107e-01 4.814243 5.658575
1.995262e+00 8.435375e-01 4.868170 5.974065
2.041738e+00 8.526763e-01 4.917235 5.368894
2.089296e+00 8.619421e-01 4.967315 5.404849
2.137962e+00 8.713353e-01 5.017764 5.370731
2.187762e+00 8.808580e-01 5.068507 5.328650
2.238721e+00 8.905127e-01 5.119542 5.286009
2.290868e+00 9.003018e-01 5.170864 5.242810
2.344229e+00 9.102276e-01 5.230690 6.027352
2.398833e+00 9.202927e-01 5.285464 5.441939
2.454709e+00 9.304666e-01 5.332872 4.659742
2.511886e+00 9.408067e-01 5.386225 5.159883
2.570396e+00 9.512919e-01 5.439997 5.128291
2.630268e+00 9.619250e-01 5.494066 5.085036
2.691535e+00 9.727087e-01 5.548429 5.041225
2.754229e+00 9.836459e-01 5.607721 5.421099
2.818383e+00 9.947392e-01 5.667373 5.377305
2.884032e+00 1.005978e+00 5.724774 5.107634
2.951209e+00 1.017370e+00 5.781584 4.986683
3.019952e+00 1.028878e+00 5.827945 4.028624
3.090295e+00 1.040500e+00 5.887725 5.143402
3.162278e+00 1.052270e+00 5.947486 5.077436
3.235937e+00 1.064189e+00 6.002157 4.586902
3.311311e+00 1.076260e+00 6.066226 5.307887
3.388442e+00 1.088517e+00 6.140900 6.091981
3.467369e+00 1.100879e+00 6.205039 5.188783
3.548134e+00 1.113390e+00 6.269466 5.149372
3.630781e+00 1.126054e+00 6.334478 5.133625
3.715352e+00 1.138872e+00 6.400080 5.117822
3.801894e+00 1.151847e+00 6.455204 4.248623
3.890451e+00 1.164980e+00 6.529293 5.641522
3.981072e+00 1.178304e+00 6.613134 6.292633
4.073803e+00 1.191725e+00 6.683436 5.237904
4.168694e+00 1.205304e+00 6.754213 5.212535
4.265795e+00 1.219040e+00 6.825697 5.203823
4.365158e+00 1.232946e+00 6.900660 5.390690
4.466836e+00 1.246987e+00 6.973152 5.163138
4.570882e+00 1.261190e+00 7.051000 5.481008
4.677351e+00 1.275532e+00 7.124299 5.110685
4.786301e+00 1.290053e+00 7.200880 5.274040
4.897788e+00 1.304740e+00 7.278376 5.276475
5.011872e+00 1.319595e+00 7.356681 5.271017
5.128614e+00 1.334622e+00 7.435804 5.265590
5.248075e+00 1.349820e+00 7.525425 5.896648
5.370318e+00 1.365194e+00 7.608961 5.433917
5.495409e+00 1.380707e+00 7.685623 4.941769
5.623413e+00 1.396426e+00 7.769701 5.348623
5.754399e+00 1.412324e+00 7.854786 5.351947
5.888437e+00 1.428402e+00 7.941072 5.366576
6.025596e+00 1.444663e+00 8.028389 5.369864
6.165950e+00 1.461108e+00 8.116707 5.370591
6.309573e+00 1.477807e+00 8.221923 6.300733
6.456542e+00 1.494744e+00 8.316316 5.573151
6.606934e+00 1.511876e+00 8.409849 5.459646
6.760830e+00 1.529212e+00 8.504706 5.471432
6.918310e+00 1.546756e+00 8.600598 5.465800
7.079458e+00 1.564510e+00 8.697517 5.459056
7.244360e+00 1.582476e+00 8.795472 5.452234
7.413102e+00 1.600658e+00 8.893572 5.395625
7.585776e+00 1.619057e+00 8.997596 5.653813
7.762471e+00 1.637683e+00 9.103692 5.695936
7.943282e+00 1.656508e+00 9.207148 5.495847
8.128305e+00 1.675554e+00 9.311677 5.488180
8.317638e+00 1.694824e+00 9.417382 5.485304
8.511380e+00 1.714322e+00 9.524177 5.477330
8.709636e+00 1.734049e+00 9.632312 5.481408
8.912509e+00 1.753990e+00 9.740626 5.431846
9.120108e+00 1.774177e+00 9.855440 5.687505
9.332543e+00 1.794583e+00 9.969062 5.568159
9.549926e+00 1.815221e+00 10.083826 5.560774
9.772372e+00 1.836094e+00 10.199925 5.562061
1.000000e+01 1.857205e+00 10.317374 5.563381
1.023293e+01 1.878557e+00 10.422967 4.945437
1.047129e+01 1.900152e+00 10.536349 5.250496
1.071519e+01 1.922044e+00 10.662688 5.770885
1.096478e+01 1.944166e+00 10.783398 5.456570
1.122018e+01 1.966546e+00 10.905351 5.449234
1.148154e+01 1.989186e+00 11.028566 5.442246
1.174898e+01 2.012091e+00 11.153268 5.444489
1.202264e+01 2.035262e+00 11.270067 5.040684
1.230269e+01 2.058727e+00 11.394657 5.309491
1.258925e+01 2.082488e+00 11.512913 4.977064
1.288250e+01 2.106569e+00 11.635852 5.105217
1.318257e+01 2.130958e+00 11.760151 5.096435
1.348963e+01 2.155660e+00 11.885596 5.078304
1.380384e+01 2.180679e+00 12.012195 5.060051
1.412538e+01 2.206020e+00 12.148769 5.389466
1.445440e+01 2.231688e+00 12.271444 4.779434
1.479108e+01 2.257651e+00 12.386984 4.450094
1.513561e+01 2.284018e+00 12.516591 4.915500
1.548817e+01 2.310734e+00 12.647542 4.901663
1.584893e+01 2.337804e+00 12.779750 4.883986
1.621810e+01 2.365233e+00 12.913347 4.870568
1.659587e+01 2.393028e+00 13.052584 5.009464
1.698244e+01 2.421292e+00 13.202328 5.298003
1.737801e+01 2.449962e+00 13.347038 5.047455
1.778279e+01 2.479005e+00 13.490625 4.943962
1.819701e+01 2.508437e+00 13.635393 4.918633
1.862087e+01 2.538265e+00 13.781459 4.896965
1.905461e+01 2.568494e+00 13.928832 4.875227
1.949845e+01 2.599130e+00 14.085625 5.117930
1.995262e+01 2.630179e+00 14.272523 6.019480
2.041738e+01 2.661592e+00 14.456519 5.857378
2.089296e+01 2.693304e+00 14.623885 5.277573
2.137962e+01 2.725406e+00 14.792826 5.262702
2.187762e+01 2.757902e+00 14.963824 5.262198
2.238721e+01 2.790796e+00 15.126056 4.931926
2.290868e+01 2.824094e+00 15.346739 6.627551
2.344229e+01 2.857754e+00 15.558151 6.280764
2.398833e+01 2.891650e+00 15.763061 6.045276
2.454709e+01 2.925877e+00 15.969750 6.038781
2.511886e+01 2.960437e+00 16.179451 6.067644
2.570396e+01 2.995334e+00 16.392211 6.096805
2.630268e+01 3.030570e+00 16.564830 4.898936
2.691535e+01 3.066148e+00 16.785592 6.205059
2.754229e+01 3.102285e+00 17.057473 7.523561
2.818383e+01 3.138541e+00 17.286497 6.316928
2.884032e+01 3.175135e+00 17.517957 6.325085
2.951209e+01 3.212070e+00 17.752873 6.360203
3.019952e+01 3.249349e+00 17.991296 6.395677
3.090295e+01 3.286974e+00 18.203609 5.642848
3.162278e+01 3.324947e+00 18.432779 6.035002
3.235937e+01 3.363312e+00 18.671433 6.220630
3.311311e+01 3.401976e+00 18.923793 6.527005
3.388442e+01 3.441036e+00 19.166406 6.211278
3.467369e+01 3.480481e+00 19.412831 6.247372
3.548134e+01 3.520313e+00 19.662725 6.273710
3.630781e+01 3.560536e+00 19.920553 6.409993
3.715352e+01 3.601152e+00 20.159245 5.876713
3.801894e+01 3.642146e+00 20.390613 5.644048
3.890451e+01 3.683662e+00 20.646887 6.172767
3.981072e+01 3.725612e+00 20.907212 6.205733
4.073803e+01 3.767997e+00 21.171015 6.223906
4.168694e+01 3.810823e+00 21.438344 6.242191
4.265795e+01 3.854094e+00 21.713970 6.369843
4.365158e+01 3.897813e+00 21.944261 5.267475
4.466836e+01 3.942003e+00 22.173939 5.197524
4.570882e+01 3.986797e+00 22.455799 6.292390
4.677351e+01 4.032123e+00 22.719275 5.812836
4.786301e+01 4.077978e+00 22.986341 5.824182
4.897788e+01 4.124367e+00 23.256478 5.823298
5.011872e+01 4.171297e+00 23.532906 5.890235
5.128614e+01 4.218774e+00 23.794583 5.511649
5.248075e+01 4.266785e+00 24.050863 5.337975
5.370318e+01 4.315439e+00 24.325664 5.648001
5.495409e+01 4.364679e+00 24.603850 5.649589
5.623413e+01 4.414512e+00 24.885039 5.642628
5.754399e+01 4.464946e+00 25.169261 5.635561
5.888437e+01 4.515988e+00 25.456343 5.624430
6.025596e+01 4.567646e+00 25.728781 5.273880
6.165950e+01 4.619928e+00 26.002109 5.227982
6.309573e+01 4.672877e+00 26.282385 5.293316
6.456542e+01 4.726451e+00 26.576646 5.492546
6.606934e+01 4.780689e+00 26.868355 5.378317
6.760830e+01 4.835599e+00 27.163075 5.367354
6.918310e+01 4.891189e+00 27.460720 5.354252
7.079458e+01 4.947470e+00 27.751942 5.174486
7.244360e+01 5.004449e+00 28.035122 4.969868
7.413102e+01 5.062185e+00 28.325433 5.028235
7.585776e+01 5.120678e+00 28.625779 5.134741
7.762471e+01 5.179920e+00 28.928965 5.117787
7.943282e+01 5.239921e+00 29.234889 5.098663
8.128305e+01 5.300691e+00 29.543474 5.077886
8.317638e+01 5.362242e+00 29.852306 5.017464
8.511380e+01 5.424586e+00 30.152862 4.820990
8.709636e+01 5.487781e+00 30.463116 4.909451
8.912509e+01 5.551826e+00 30.772825 4.835801
9.120108e+01 5.616717e+00 31.089235 4.876035
9.332543e+01 5.682466e+00 31.408184 4.850992
9.549926e+01 5.749087e+00 31.729774 4.827191
9.772372e+01 5.816591e+00 32.057780 4.859030
1.000000e+02 5.884993e+00 32.382968 4.754072
1.023293e+02 5.954263e+00 32.704190 4.637218
1.047129e+02 6.024494e+00 33.033856 4.694032
1.071519e+02 6.095663e+00 33.366294 4.671149
1.096478e+02 6.167783e+00 33.701379 4.646214
1.122018e+02 6.240869e+00 34.042885 4.672645
1.148154e+02 6.314936e+00 34.390788 4.697147
1.174898e+02 6.389988e+00 34.740236 4.656064
1.202264e+02 6.466047e+00 35.091512 4.618448
1.230269e+02 6.543099e+00 35.427022 4.354337
1.258925e+02 6.621171e+00 35.782606 4.554570
1.288250e+02 6.700278e+00 36.140708 4.526801
1.318257e+02 6.780436e+00 36.500675 4.490750
1.348963e+02 6.861659e+00 36.859965 4.423489
1.380384e+02 6.943973e+00 37.222279 4.401593
1.412538e+02 7.027381e+00 37.588859 4.395051
1.445440e+02 7.111902e+00 37.958290 4.370840
1.479108e+02 7.197555e+00 38.330609 4.346857
1.513561e+02 7.284355e+00 38.705828 4.322794
1.548817e+02 7.372320e+00 39.087604 4.340102
1.584893e+02 7.461467e+00 39.466636 4.251769
1.621810e+02 7.551808e+00 39.845629 4.195132
1.659587e+02 7.643416e+00 40.225313 4.144646
1.698244e+02 7.736252e+00 40.614031 4.187124
1.737801e+02 7.830347e+00 41.005480 4.160152
1.778279e+02 7.925720e+00 41.399856 4.135124
1.819701e+02 8.022389e+00 41.804705 4.187992
1.862087e+02 8.120374e+00 42.210105 4.137336
1.905461e+02 8.219651e+00 42.609860 4.026657
1.949845e+02 8.320308e+00 43.017455 4.049344
1.995262e+02 8.422338e+00 43.428177 4.025508
2.041738e+02 8.525762e+00 43.841939 4.000644
2.089296e+02 8.630601e+00 44.262811 4.014482
2.137962e+02 8.736876e+00 44.692371 4.041952
2.187762e+02 8.844592e+00 45.123608 4.003463
2.238721e+02 8.953786e+00 45.555993 3.959776
2.290868e+02 9.064494e+00 45.988233 3.904351
2.344229e+02 9.176721e+00 46.426245 3.902910
2.398833e+02 9.290491e+00 46.867496 3.878448
2.454709e+02 9.405827e+00 47.316940 3.896798
2.511886e+02 9.522754e+00 47.775098 3.918331
2.570396e+02 9.641259e+00 48.232402 3.858946
2.630268e+02 9.761378e+00 48.691201 3.819542
2.691535e+02 9.883144e+00 49.153451 3.796208
2.754229e+02 1.000658e+01 49.619213 3.773234
2.818383e+02 1.013172e+01 50.087380 3.741258
2.884032e+02 1.025858e+01 50.578691 3.872886
2.951209e+02 1.038718e+01 51.076033 3.867335
3.019952e+02 1.051748e+01 51.566776 3.766187
3.090295e+02 1.064954e+01 52.058804 3.725756
3.162278e+02 1.078342e+01 52.558857 3.735244
3.235937e+02 1.091913e+01 53.059010 3.685414
3.311311e+02 1.105670e+01 53.584815 3.821933
3.388442e+02 1.119617e+01 54.125105 3.873935
3.467369e+02 1.133743e+01 54.649144 3.709891
3.548134e+02 1.148060e+01 55.179951 3.707474
3.630781e+02 1.162571e+01 55.715274 3.689062
3.715352e+02 1.177279e+01 56.255093 3.670297
3.801894e+02 1.192186e+01 56.816182 3.763846
3.890451e+02 1.207296e+01 57.390342 3.799929
3.981072e+02 1.222601e+01 57.958981 3.715223
4.073803e+02 1.238113e+01 58.528826 3.673693
4.168694e+02 1.253833e+01 59.103558 3.656054
4.265795e+02 1.269769e+01 59.685206 3.649949
4.365158e+02 1.285914e+01 60.271493 3.631232
4.466836e+02 1.302278e+01 60.883001 3.737051
4.570882e+02 1.318855e+01 61.492143 3.674559
4.677351e+02 1.335653e+01 62.103056 3.636811
4.786301e+02 1.352675e+01 62.719525 3.621520
4.897788e+02 1.369925e+01 63.341626 3.606419
5.011872e+02 1.387406e+01 63.969405 3.591321
5.128614e+02 1.405120e+01 64.615617 3.647962
5.248075e+02 1.423072e+01 65.286397 3.736636
5.370318e+02 1.441253e+01 65.952998 3.666339
5.495409e+02 1.459672e+01 66.618309 3.612093
5.623413e+02 1.478334e+01 67.289808 3.598183
5.754399e+02 1.497243e+01 67.967727 3.585233
5.888437e+02 1.516399e+01 68.657641 3.601565
6.025596e+02 1.535803e+01 69.372234 3.682605
6.165950e+02 1.555458e+01 70.087294 3.638137
6.309573e+02 1.575364e+01 70.803826 3.599534
6.456542e+02 1.595529e+01 71.527410 3.588303
6.606934e+02 1.615957e+01 72.258205 3.577533
6.760830e+02 1.636650e+01 72.996280 3.566776
6.918310e+02 1.657612e+01 73.753249 3.611101
7.079458e+02 1.678845e+01 74.510747 3.567615
7.244360e+02 1.700353e+01 75.275526 3.555800
7.413102e+02 1.722139e+01 76.047970 3.545459
7.585776e+02 1.744209e+01 76.828178 3.535233
7.762471e+02 1.766565e+01 77.616254 3.525149
7.943282e+02 1.789210e+01 78.420148 3.549930
8.128305e+02 1.812151e+01 79.237043 3.560854
8.317638e+02 1.835385e+01 80.057116 3.529601
8.511380e+02 1.858919e+01 80.883644 3.512149
8.709636e+02 1.882756e+01 81.718607 3.502703
8.912509e+02 1.906902e+01 82.562084 3.493249
9.120108e+02 1.931360e+01 83.426767 3.535351
9.332543e+02 1.956135e+01 84.295331 3.505873
9.549926e+02 1.981223e+01 85.160356 3.448032
9.772372e+02 2.006638e+01 86.040829 3.464330
1.000000e+03 2.032381e+01 86.930380 3.455453
1.023293e+03 2.058457e+01 87.829054 3.446405
1.047129e+03 2.084869e+01 88.737058 3.437802
1.071519e+03 2.111623e+01 89.660393 3.451293
1.096478e+03 2.138721e+01 90.590580 3.432632
1.122018e+03 2.166165e+01 91.527081 3.412353
1.148154e+03 2.193963e+01 92.475303 3.411172
1.174898e+03 2.222118e+01 93.433290 3.402521
1.202264e+03 2.250636e+01 94.401166 3.393976
1.230269e+03 2.279520e+01 95.387286 3.414018
1.258925e+03 2.308776e+01 96.394782 3.443719
1.288250e+03 2.338407e+01 97.406517 3.414411
1.318257e+03 2.368409e+01 98.425498 3.396450
1.348963e+03 2.398793e+01 99.455064 3.388492
1.380384e+03 2.429565e+01 100.495464 3.381011
1.412538e+03 2.460729e+01 101.563408 3.426798
1.445440e+03 2.492291e+01 102.624055 3.360514
1.479108e+03 2.524254e+01 103.689185 3.332427
1.513561e+03 2.556633e+01 104.777177 3.360166
1.548817e+03 2.589426e+01 105.866475 3.321763
1.584893e+03 2.622637e+01 106.976632 3.342771
1.621810e+03 2.656270e+01 108.098391 3.335206
1.659587e+03 2.690333e+01 109.231255 3.325844
1.698244e+03 2.724838e+01 110.389224 3.355932
1.737801e+03 2.759773e+01 111.551139 3.325965
