Pressure (Mbar) | Density (g cm^-3) | dP/dRho (Mbar g^-1 cm^3) | d^2P/dRho^2 (Mbar g^-2 cm^6) 

1e-05 1.4877 0.100197 0.350171
1.02329e-05 1.4877 0.100197 0.350172
1.04713e-05 1.4877 0.100198 0.350161
1.07152e-05 1.48771 0.100199 0.350162
1.09648e-05 1.48771 0.1002 0.350164
1.12202e-05 1.48771 0.100201 0.350176
1.14815e-05 1.48771 0.100202 0.350166
1.1749e-05 1.48772 0.100203 0.350167
1.20226e-05 1.48772 0.100204 0.350179
1.23027e-05 1.48772 0.100205 0.350181
1.25893e-05 1.48773 0.100206 0.350171
1.28825e-05 1.48773 0.100207 0.350161
1.31826e-05 1.48773 0.100208 0.350173
1.34896e-05 1.48773 0.100209 0.350186
1.38038e-05 1.48774 0.10021 0.350176
1.41254e-05 1.48774 0.100211 0.3502
1.44544e-05 1.48774 0.100212 0.35019
1.47911e-05 1.48775 0.100213 0.35018
1.51356e-05 1.48775 0.100214 0.350193
1.54882e-05 1.48775 0.100216 0.350194
1.58489e-05 1.48776 0.100217 0.350196
1.62181e-05 1.48776 0.100218 0.350209
1.65959e-05 1.48777 0.10022 0.350188
1.69824e-05 1.48777 0.100221 0.35019
1.7378e-05 1.48777 0.100222 0.350191
1.77828e-05 1.48778 0.100224 0.350193
1.8197e-05 1.48778 0.100225 0.350217
1.86209e-05 1.48779 0.100227 0.350197
1.90546e-05 1.48779 0.100228 0.350198
1.94984e-05 1.48779 0.10023 0.350212
1.99526e-05 1.4878 0.100231 0.350202
2.04174e-05 1.4878 0.100233 0.350216
2.0893e-05 1.48781 0.100235 0.350218
2.13796e-05 1.48781 0.100236 0.350208
2.18776e-05 1.48782 0.100238 0.350222
2.23872e-05 1.48782 0.10024 0.350224
2.29087e-05 1.48783 0.100242 0.350215
2.34423e-05 1.48783 0.100244 0.350217
2.39883e-05 1.48784 0.100245 0.35022
2.45471e-05 1.48784 0.100247 0.350233
2.51189e-05 1.48785 0.100249 0.350225
2.5704e-05 1.48786 0.100251 0.350227
2.63027e-05 1.48786 0.100254 0.35023
2.69153e-05 1.48787 0.100256 0.350232
2.75423e-05 1.48787 0.100258 0.350246
2.81838e-05 1.48788 0.10026 0.350238
2.88403e-05 1.48789 0.100262 0.350252
2.95121e-05 1.48789 0.100265 0.350244
3.01995e-05 1.4879 0.100267 0.350258
3.0903e-05 1.48791 0.10027 0.350238
3.16228e-05 1.48792 0.100272 0.350264
3.23594e-05 1.48792 0.100275 0.350267
3.31131e-05 1.48793 0.100277 0.35027
3.38844e-05 1.48794 0.10028 0.350262
3.46737e-05 1.48795 0.100283 0.350266
3.54813e-05 1.48795 0.100286 0.350269
3.63078e-05 1.48796 0.100288 0.350284
3.71535e-05 1.48797 0.100291 0.350276
3.80189e-05 1.48798 0.100294 0.350291
3.89045e-05 1.48799 0.100298 0.350295
3.98107e-05 1.488 0.100301 0.350288
4.0738e-05 1.48801 0.100304 0.350292
4.16869e-05 1.48802 0.100307 0.350307
4.2658e-05 1.48803 0.100311 0.3503
4.36516e-05 1.48804 0.100314 0.350304
4.46684e-05 1.48805 0.100318 0.350331
4.57088e-05 1.48806 0.100321 0.350325
4.67735e-05 1.48807 0.100325 0.350329
4.7863e-05 1.48808 0.100329 0.350334
4.89779e-05 1.48809 0.100333 0.350327
5.01187e-05 1.4881 0.100337 0.350332
5.12861e-05 1.48811 0.100341 0.350349
5.24807e-05 1.48812 0.100345 0.350354
5.37032e-05 1.48814 0.100349 0.35037
5.49541e-05 1.48815 0.100354 0.350376
5.62341e-05 1.48816 0.100358 0.350359
5.7544e-05 1.48817 0.100363 0.350364
5.88844e-05 1.48819 0.100367 0.350392
6.0256e-05 1.4882 0.100372 0.350376
6.16595e-05 1.48821 0.100377 0.350382
6.30957e-05 1.48823 0.100382 0.350388
6.45654e-05 1.48824 0.100387 0.350394
6.60693e-05 1.48826 0.100392 0.350401
6.76083e-05 1.48827 0.100398 0.350419
6.91831e-05 1.48829 0.100403 0.350426
7.07946e-05 1.48831 0.100409 0.350421
7.24436e-05 1.48832 0.100415 0.35044
7.4131e-05 1.48834 0.100421 0.350447
7.58578e-05 1.48836 0.100427 0.350443
7.76247e-05 1.48837 0.100433 0.350473
7.94328e-05 1.48839 0.100439 0.35047
8.12831e-05 1.48841 0.100445 0.350478
8.31764e-05 1.48843 0.100452 0.350474
8.51138e-05 1.48845 0.100459 0.350494
8.70964e-05 1.48847 0.100466 0.350491
8.91251e-05 1.48849 0.100473 0.3505
9.12011e-05 1.48851 0.10048 0.350509
9.33254e-05 1.48853 0.100487 0.350529
9.54993e-05 1.48855 0.100495 0.350527
9.77237e-05 1.48857 0.100503 0.350537
0.0001 1.4886 0.100511 0.350569
0.000102329 1.48862 0.100519 0.350568
0.000104713 1.48864 0.100527 0.350567
0.000107152 1.48867 0.100536 0.350589
0.000109648 1.48869 0.100544 0.350588
0.000112202 1.48872 0.100553 0.35061
0.000114815 1.48874 0.100562 0.350622
0.00011749 1.48877 0.100572 0.350633
0.000120226 1.4888 0.100581 0.350645
0.000123027 1.48883 0.100591 0.350646
0.000125893 1.48885 0.100601 0.350669
0.000128825 1.48888 0.100611 0.350671
0.000131826 1.48891 0.100622 0.350695
0.000134896 1.48894 0.100632 0.350708
0.000138038 1.48897 0.100643 0.350721
0.000141254 1.48901 0.100655 0.350724
0.000144544 1.48904 0.100666 0.350761
0.000147911 1.48907 0.100678 0.350775
0.000151356 1.48911 0.10069 0.350778
0.000154882 1.48914 0.100702 0.350794
0.000158489 1.48918 0.100715 0.350809
0.000162181 1.48921 0.100727 0.350836
0.000165959 1.48925 0.100741 0.350841
0.000169824 1.48929 0.100754 0.350858
0.00017378 1.48933 0.100768 0.350863
0.000177828 1.48937 0.100782 0.350892
0.00018197 1.48941 0.100796 0.35091
0.000186209 1.48945 0.100811 0.350939
0.000190546 1.4895 0.100826 0.350958
0.000194984 1.48954 0.100842 0.350965
0.000199526 1.48959 0.100857 0.350985
0.000204174 1.48963 0.100874 0.351016
0.00020893 1.48968 0.10089 0.351048
0.000213796 1.48973 0.100907 0.351057
0.000218776 1.48978 0.100924 0.351078
0.000223872 1.48983 0.100942 0.3511
0.000229087 1.48988 0.10096 0.351111
0.000234423 1.48993 0.100979 0.351134
0.000239883 1.48999 0.100998 0.351169
0.000245471 1.49004 0.101017 0.351193
0.000251189 1.4901 0.101037 0.351217
0.00025704 1.49015 0.101058 0.351242
0.000263027 1.49021 0.101078 0.351279
0.000269153 1.49027 0.1011 0.351294
0.000275423 1.49034 0.101121 0.351309
0.000281838 1.4904 0.101144 0.351348
0.000288403 1.49047 0.101166 0.351376
0.000295121 1.49053 0.10119 0.351404
0.000301995 1.4906 0.101214 0.351423
0.00030903 1.49067 0.101238 0.351452
0.000316228 1.49074 0.101263 0.351483
0.000323594 1.49081 0.101289 0.351526
0.000331131 1.49089 0.101315 0.351558
0.000338844 1.49096 0.101342 0.351591
0.000346737 1.49104 0.101369 0.351636
0.000354813 1.49112 0.101397 0.351659
0.000363078 1.4912 0.101426 0.351694
0.000371535 1.49129 0.101455 0.351741
0.000380189 1.49137 0.101485 0.351767
0.000389045 1.49146 0.101516 0.351804
0.000398107 1.49155 0.101547 0.351843
0.00040738 1.49164 0.101579 0.351882
0.000416869 1.49173 0.101612 0.351945
0.00042658 1.49183 0.101646 0.351964
0.000436516 1.49193 0.10168 0.352006
0.000446684 1.49203 0.101715 0.352049
0.000457088 1.49213 0.101751 0.352104
0.000467735 1.49223 0.101788 0.352127
0.00047863 1.49234 0.101826 0.352173
0.000489779 1.49245 0.101864 0.352243
0.000501187 1.49256 0.101904 0.352291
0.000512861 1.49268 0.101944 0.35234
0.000524807 1.49279 0.101985 0.352391
0.000537032 1.49291 0.102028 0.352442
0.000549541 1.49303 0.102071 0.352507
0.000562341 1.49316 0.102115 0.352561
0.00057544 1.49329 0.10216 0.352605
0.000588844 1.49342 0.102207 0.352661
0.00060256 1.49355 0.102254 0.35273
0.000616595 1.49369 0.102302 0.352778
0.000630957 1.49383 0.102352 0.352838
0.000645654 1.49397 0.102402 0.3529
0.000660693 1.49412 0.102454 0.352963
0.000676083 1.49427 0.102507 0.353028
0.000691831 1.49443 0.102562 0.353106
0.000707946 1.49458 0.102617 0.353162
0.000724436 1.49474 0.102674 0.353231
0.00074131 1.49491 0.102732 0.353313
0.000758578 1.49508 0.102791 0.353386
0.000776247 1.49525 0.102852 0.35346
0.000794328 1.49542 0.102914 0.353535
0.000812831 1.4956 0.102978 0.353635
0.000831764 1.49579 0.103043 0.35368
0.000851138 1.49597 0.103109 0.353773
0.000870964 1.49617 0.103177 0.353855
0.000891251 1.49636 0.103247 0.353951
0.000912011 1.49656 0.103318 0.354049
0.000933254 1.49677 0.103391 0.354126
0.000954993 1.49698 0.103465 0.354205
0.000977237 1.4972 0.103541 0.354297
0.001 1.49741 0.103619 0.354392
0.00102329 1.49764 0.103699 0.354512
0.00104713 1.49787 0.10378 0.35461
0.00107152 1.4981 0.103863 0.3547
0.00109648 1.49834 0.103949 0.354803
0.00112202 1.49859 0.104036 0.35492
0.00114815 1.49884 0.104125 0.355016
0.0011749 1.4991 0.104216 0.355115
0.00120226 1.49936 0.104309 0.355239
0.00123027 1.49963 0.104405 0.355378
0.00125893 1.4999 0.104502 0.355496
0.00128825 1.50018 0.104602 0.355616
0.00131826 1.50047 0.104704 0.355716
0.00134896 1.50076 0.104808 0.355853
0.00138038 1.50106 0.104915 0.35597
0.00141254 1.50137 0.105024 0.356137
0.00144544 1.50168 0.105135 0.356248
0.00147911 1.502 0.105249 0.356408
0.00151356 1.50233 0.105366 0.356549
0.00154882 1.50266 0.105485 0.356669
0.00158489 1.50301 0.105607 0.356827
0.00162181 1.50336 0.105732 0.356977
0.00165959 1.50371 0.105859 0.35713
0.00169824 1.50408 0.10599 0.357286
0.0017378 1.50445 0.106123 0.357458
0.00177828 1.50483 0.106259 0.357609
0.0018197 1.50522 0.106399 0.357788
0.00186209 1.50562 0.106541 0.357958
0.00190546 1.50603 0.106687 0.358144
0.00194984 1.50644 0.106836 0.35831
0.00199526 1.50687 0.106988 0.358504
0.00204174 1.5073 0.107144 0.358701
0.0020893 1.50774 0.107303 0.358879
0.00213796 1.5082 0.107466 0.359085
0.00218776 1.50866 0.107632 0.359283
0.00223872 1.50913 0.107802 0.359485
0.00229087 1.50962 0.107976 0.359703
0.00234423 1.51011 0.108153 0.359902
0.00239883 1.51062 0.108335 0.360118
0.00245471 1.51113 0.108521 0.36035
0.00251189 1.51166 0.10871 0.360562
0.0025704 1.51219 0.108904 0.360816
0.00263027 1.51274 0.109103 0.361038
0.00269153 1.5133 0.109305 0.361289
0.00275423 1.51388 0.109512 0.361546
0.00281838 1.51446 0.109724 0.361783
0.00288403 1.51506 0.10994 0.362038
0.00295121 1.51567 0.110161 0.36231
0.00301995 1.51629 0.110387 0.362563
0.0030903 1.51693 0.110618 0.362846
0.00316228 1.51758 0.110854 0.363135
0.00323594 1.51825 0.111095 0.363417
0.00331131 1.51892 0.111342 0.363718
0.00338844 1.51961 0.111593 0.364012
0.00346737 1.52032 0.111851 0.3643
0.00354813 1.52104 0.112114 0.364618
0.00363078 1.52178 0.112382 0.364931
0.00371535 1.52253 0.112657 0.36525
0.00380189 1.5233 0.112937 0.365588
0.00389045 1.52408 0.113223 0.365932
0.00398107 1.52488 0.113516 0.366259
0.0040738 1.5257 0.113815 0.366605
0.00416869 1.52653 0.11412 0.366982
0.0042658 1.52738 0.114432 0.367341
0.00436516 1.52825 0.114751 0.367708
0.00446684 1.52913 0.115077 0.36807
0.00457088 1.53003 0.115409 0.368477
0.00467735 1.53095 0.115749 0.368866
0.0047863 1.53189 0.116096 0.369276
0.00489779 1.53285 0.11645 0.36968
0.00501187 1.53383 0.116812 0.370105
0.00512861 1.53483 0.117181 0.370513
0.00524807 1.53585 0.117559 0.370968
0.00537032 1.53688 0.117944 0.371393
0.00549541 1.53794 0.118337 0.371851
0.00562341 1.53902 0.118739 0.372317
0.0057544 1.54012 0.119149 0.372795
0.00588844 1.54125 0.119568 0.373266
0.0060256 1.54239 0.119996 0.373747
0.00616595 1.54356 0.120433 0.374249
0.00630957 1.54475 0.120878 0.374762
0.00645654 1.54596 0.121334 0.375257
0.00660693 1.5472 0.121798 0.375802
0.00676083 1.54846 0.122272 0.376329
0.00691831 1.54975 0.122756 0.37688
0.00707946 1.55106 0.123251 0.377428
0.00724436 1.55239 0.123755 0.377986
0.0074131 1.55375 0.12427 0.378567
0.00758578 1.55514 0.124795 0.379159
0.00776247 1.55655 0.125331 0.379748
0.00794328 1.55799 0.125878 0.380361
0.00812831 1.55946 0.126436 0.380971
0.00831764 1.56095 0.127006 0.381619
0.00851138 1.56248 0.127587 0.382237
0.00870964 1.56403 0.128181 0.382895
0.00891251 1.5656 0.128786 0.383563
0.00912011 1.56721 0.129403 0.38423
0.00933254 1.56885 0.130033 0.384935
0.00954993 1.57052 0.130675 0.385611
0.00977237 1.57222 0.131331 0.386354
0.01 1.57395 0.131999 0.387068
0.0102329 1.57571 0.132681 0.387781
0.0104713 1.5775 0.133377 0.388546
0.0107152 1.57932 0.134086 0.389311
0.0109648 1.58118 0.13481 0.390102
0.0112202 1.58307 0.135547 0.390864
0.0114815 1.58499 0.1363 0.391653
0.011749 1.58695 0.137067 0.392484
0.0120226 1.58894 0.137849 0.393342
0.0123027 1.59096 0.138647 0.394142
0.0125893 1.59302 0.13946 0.395011
0.0128825 1.59512 0.140289 0.395867
0.0131826 1.59725 0.141134 0.39675
0.0134896 1.59942 0.141996 0.397648
0.0138038 1.60163 0.142874 0.398576
0.0141254 1.60387 0.143769 0.399486
0.0144544 1.60615 0.144681 0.400427
0.0147911 1.60847 0.145611 0.401365
0.0151356 1.61083 0.146559 0.402334
0.0154882 1.61323 0.147525 0.403318
0.0158489 1.61567 0.148509 0.404313
0.0162181 1.61814 0.149512 0.405358
0.0165959 1.62066 0.150534 0.40637
0.0169824 1.62322 0.151575 0.407414
0.017378 1.62582 0.152636 0.40847
0.0177828 1.62846 0.153717 0.409561
0.018197 1.63115 0.154818 0.410651
0.0186209 1.63388 0.15594 0.411741
0.0190546 1.63665 0.157083 0.41286
0.0194984 1.63946 0.158246 0.413994
0.0199526 1.64232 0.159432 0.415146
0.0204174 1.64523 0.160639 0.416313
0.020893 1.64818 0.161869 0.417497
0.0213796 1.65117 0.163121 0.418695
0.0218776 1.65421 0.164396 0.419911
0.0223872 1.6573 0.165695 0.42116
0.0229087 1.66043 0.167017 0.422425
0.0234423 1.66362 0.168363 0.423657
0.0239883 1.66685 0.169734 0.42497
0.0245471 1.67012 0.171129 0.426286
0.0251189 1.67345 0.17255 0.4276
0.025704 1.67683 0.173996 0.428914
0.0263027 1.68026 0.175468 0.43026
0.0269153 1.68373 0.176966 0.431643
0.0275423 1.68726 0.178491 0.43304
0.0281838 1.69084 0.180043 0.434422
0.0288403 1.69447 0.181623 0.435872
0.0295121 1.69815 0.183231 0.437322
0.0301995 1.70189 0.184867 0.438772
0.030903 1.70567 0.186532 0.440222
0.0316228 1.70952 0.188226 0.441723
0.0323594 1.71341 0.18995 0.443243
0.0331131 1.71736 0.191703 0.444742
0.0338844 1.72137 0.193488 0.446315
0.0346737 1.72543 0.195303 0.447888
0.0354813 1.72954 0.197149 0.449454
0.0363078 1.73371 0.199028 0.451023
0.0371535 1.73794 0.200939 0.452667
0.0380189 1.74223 0.202882 0.454287
0.0389045 1.74657 0.204859 0.455926
0.0398107 1.75098 0.20687 0.457623
0.040738 1.75544 0.208915 0.459316
0.0416869 1.75996 0.210995 0.460985
0.042658 1.76453 0.21311 0.462735
0.0436516 1.76917 0.21526 0.464461
0.0446684 1.77387 0.217447 0.466227
0.0457088 1.77863 0.219671 0.468004
0.0467735 1.78346 0.221932 0.469782
0.047863 1.78834 0.22423 0.471591
0.0489779 1.79329 0.226568 0.47343
0.0501187 1.79829 0.228944 0.475235
0.0512861 1.80337 0.231359 0.477101
0.0524807 1.8085 0.233814 0.479006
0.0537032 1.8137 0.23631 0.480884
0.0549541 1.81897 0.238847 0.482805
0.0562341 1.8243 0.241426 0.484761
0.057544 1.8297 0.244047 0.486692
0.0588844 1.83516 0.246711 0.48866
0.060256 1.84069 0.249418 0.490624
0.0616595 1.84628 0.25217 0.49265
0.0630957 1.85195 0.254966 0.494647
0.0645654 1.85768 0.257807 0.496685
0.0660693 1.86348 0.260695 0.498736
0.0676083 1.86935 0.263628 0.500806
0.0691831 1.87529 0.266609 0.50289
0.0707946 1.8813 0.269638 0.504964
0.0724436 1.88738 0.272716 0.507108
0.074131 1.89354 0.275842 0.509272
0.0758578 1.89976 0.279018 0.511392
0.0776247 1.90606 0.282245 0.51356
0.0794328 1.91243 0.285523 0.515717
0.0812831 1.91887 0.288853 0.517936
0.0831764 1.92538 0.292235 0.520148
0.0851138 1.93198 0.295671 0.522379
0.0870964 1.93864 0.299161 0.524625
0.0891251 1.94538 0.302705 0.526903
0.0912011 1.9522 0.306305 0.529182
0.0933254 1.95909 0.309961 0.531493
0.0954993 1.96607 0.313674 0.533795
0.0977237 1.97312 0.317445 0.536116
0.1 1.98024 0.321275 0.538421
0.102329 1.98745 0.325163 0.540761
0.104713 1.99474 0.329112 0.543152
0.107152 2.0021 0.333122 0.545555
0.109648 2.00955 0.337193 0.547943
0.112202 2.01708 0.341327 0.550343
0.114815 2.02469 0.345525 0.552756
0.11749 2.03238 0.349786 0.555211
0.120226 2.04016 0.354113 0.557659
0.123027 2.04802 0.358505 0.560085
0.125893 2.05596 0.362965 0.562581
0.128825 2.06399 0.367492 0.56506
0.131826 2.0721 0.372087 0.567579
0.134896 2.0803 0.376752 0.570115
0.138038 2.08859 0.381488 0.572601
0.141254 2.09697 0.386294 0.575162
0.144544 2.10543 0.391173 0.577664
0.147911 2.11399 0.396125 0.580243
0.151356 2.12263 0.401152 0.582835
0.154882 2.13136 0.406253 0.585434
0.158489 2.14019 0.41143 0.588019
0.162181 2.1491 0.416685 0.590613
0.165959 2.15811 0.422017 0.593254
0.169824 2.16721 0.427429 0.595864
0.17378 2.17641 0.43292 0.598489
0.177828 2.1857 0.438493 0.601144
0.18197 2.19508 0.444148 0.60383
0.186209 2.20457 0.449886 0.606511
0.190546 2.21414 0.455708 0.609131
0.194984 2.22382 0.461616 0.611882
0.199526 2.2336 0.467611 0.614557
0.204174 2.24347 0.473692 0.617233
0.20893 2.25345 0.479863 0.619955
0.213796 2.26352 0.486124 0.622651
0.218776 2.2737 0.492475 0.62544
0.223872 2.28398 0.498919 0.628155
0.229087 2.29436 0.505455 0.630903
0.234423 2.30485 0.512087 0.633628
0.239883 2.31545 0.518814 0.636392
0.245471 2.32615 0.525638 0.639172
0.251189 2.33695 0.53256 0.641915
0.25704 2.34787 0.539581 0.644708
0.263027 2.35889 0.546703 0.647449
0.269153 2.37002 0.553927 0.650285
0.275423 2.38127 0.561254 0.653044
0.281838 2.39262 0.568686 0.655798
0.288403 2.40409 0.576223 0.658652
0.295121 2.41567 0.583867 0.661461
0.301995 2.42737 0.591619 0.664205
0.30903 2.43918 0.599482 0.667063
0.316228 2.45111 0.607455 0.669842
0.323594 2.46315 0.615541 0.672673
0.331131 2.47532 0.623741 0.675489
0.338844 2.4876 0.632056 0.678302
0.346737 2.50001 0.640487 0.681142
0.354813 2.51253 0.649037 0.683924
0.363078 2.52518 0.657706 0.68675
0.371535 2.53796 0.666496 0.689585
0.380189 2.55085 0.675409 0.692417
0.389045 2.56388 0.684446 0.695248
0.398107 2.57703 0.693608 0.698027
0.40738 2.59031 0.702897 0.700899
0.416869 2.60372 0.712315 0.703641
0.42658 2.61726 0.721862 0.706503
0.436516 2.63094 0.731542 0.709273
0.446684 2.64474 0.741354 0.712031
0.457088 2.65868 0.751302 0.714917
0.467735 2.67276 0.761386 0.717713
0.47863 2.68697 0.771608 0.720481
0.489779 2.70133 0.78197 0.723369
0.501187 2.71582 0.792473 0.726128
0.512861 2.73045 0.803119 0.729013
0.524807 2.74523 0.81391 0.731661
0.537032 2.76015 0.824848 0.7345
0.549541 2.77521 0.835934 0.73728
0.562341 2.79042 0.847169 0.740056
0.57544 2.80578 0.858556 0.742823
0.588844 2.82129 0.870097 0.745579
0.60256 2.83695 0.881793 0.748344
0.616595 2.85276 0.893647 0.751069
0.630957 2.86872 0.905659 0.753852
0.645654 2.88484 0.917832 0.756528
0.660693 2.90112 0.930167 0.759242
0.676083 2.91755 0.942667 0.761962
0.691831 2.93415 0.955334 0.764651
0.707946 2.9509 0.968168 0.76738
0.724436 2.96782 0.981173 0.770015
0.74131 2.9849 0.994351 0.772605
0.758578 3.00215 1.0077 0.775313
0.776247 3.01957 1.02123 0.777955
0.794328 3.03716 1.03494 0.780592
0.812831 3.05492 1.04882 0.783201
0.831764 3.07285 1.06289 0.785859
0.851138 3.09096 1.07714 0.78846
0.870964 3.10924 1.09158 0.790945
0.891251 3.1277 1.10621 0.793539
0.912011 3.14634 1.12102 0.796129
0.933254 3.16517 1.13603 0.798649
0.954993 3.18418 1.15124 0.801155
0.977237 3.20337 1.16664 0.803655
1 3.22275 1.18224 0.806136
1.02329 3.24232 1.19804 0.808597
1.04713 3.26209 1.21405 0.811013
1.07152 3.28204 1.23026 0.813532
1.09648 3.3022 1.24668 0.815858
1.12202 3.32255 1.26331 0.81824
1.14815 3.3431 1.28015 0.820701
1.1749 3.36385 1.2972 0.82297
1.20226 3.38481 1.31448 0.825372
1.23027 3.40597 1.33197 0.82775
1.25893 3.42735 1.34968 0.829975
1.28825 3.44893 1.36762 0.832372
1.31826 3.47073 1.38579 0.834566
1.34896 3.49274 1.40418 0.836764
1.38038 3.51497 1.42281 0.838877
1.41254 3.53742 1.44167 0.841207
1.44544 3.56009 1.46076 0.843291
1.47911 3.58299 1.4801 0.84537
1.51356 3.60611 1.49967 0.847565
1.54882 3.62947 1.51949 0.849654
1.58489 3.65305 1.53956 0.851796
1.62181 3.67687 1.55987 0.853719
1.65959 3.70093 1.58044 0.855792
1.69824 3.72523 1.60126 0.857782
1.7378 3.74978 1.62233 0.859846
1.77828 3.77456 1.64367 0.861556
1.8197 3.7996 1.66526 0.863499
1.86209 3.82489 1.68712 0.865459
1.90546 3.85043 1.70925 0.867325
1.94984 3.87623 1.73165 0.869113
1.99526 3.90228 1.75432 0.871007
2.04174 3.9286 1.77727 0.87265
2.0893 3.95519 1.80049 0.874383
2.13796 3.98204 1.82399 0.876099
2.18776 4.00917 1.84778 0.877724
2.23872 4.03657 1.87185 0.879515
2.29087 4.06425 1.89622 0.880986
2.34423 4.09221 1.92087 0.882605
2.39883 4.12045 1.94582 0.884115
2.45471 4.14898 1.97106 0.885513
2.51189 4.1778 1.99661 0.88717
2.5704 4.20692 2.02246 0.888437
2.63027 4.23633 2.04861 0.889806
2.69153 4.26605 2.07508 0.891297
2.75423 4.29607 2.10185 0.892707
2.81838 4.32639 2.12894 0.893932
2.88403 4.35703 2.15635 0.89518
2.95121 4.38799 2.18408 0.896314
3.01995 4.41926 2.21213 0.89761
3.0903 4.45086 2.24051 0.898731
3.16228 4.48278 2.26922 0.899825
3.23594 4.51503 2.29826 0.900975
3.31131 4.54762 2.32764 0.901962
3.38844 4.58055 2.35736 0.903075
3.46737 4.61382 2.38741 0.903998
3.54813 4.64743 2.41782 0.904759
3.63078 4.6814 2.44857 0.905703
3.71535 4.71572 2.47967 0.906497
3.80189 4.7504 2.51112 0.907449
3.89045 4.78545 2.54293 0.908223
3.98107 4.82086 2.5751 0.908871
4.0738 4.85664 2.60764 0.909581
4.16869 4.8928 2.64054 0.910215
4.2658 4.92935 2.67381 0.910791
4.36516 4.96628 2.70746 0.911227
4.46684 5.0036 2.74148 0.911716
4.57088 5.04131 2.77588 0.912378
4.67735 5.07943 2.81066 0.912828
4.7863 5.11795 2.84583 0.913101
4.89779 5.15688 2.88138 0.913299
5.01187 5.19623 2.91733 0.913641
5.12861 5.236 2.95367 0.913899
5.24807 5.2762 2.99042 0.914101
5.37032 5.31682 3.02756 0.914379
5.49541 5.35789 3.06511 0.914369
5.62341 5.39939 3.10306 0.914545
5.7544 5.44134 3.14143 0.914591
5.88844 5.48375 3.18021 0.914469
6.0256 5.52661 3.21941 0.914442
6.16595 5.56994 3.25903 0.914196
6.30957 5.61374 3.29907 0.914257
6.45654 5.65802 3.33955 0.914026
6.60693 5.70278 3.38045 0.913678
6.76083 5.74803 3.42179 0.913428
6.91831 5.79377 3.46356 0.91308
7.07946 5.84002 3.50577 0.912772
7.24436 5.88677 3.54843 0.912334
7.4131 5.93404 3.59154 0.911588
7.58578 5.98182 3.63509 0.911118
7.76247 6.03014 3.6791 0.910632
7.94328 6.07899 3.72357 0.909924
8.12831 6.12838 3.7685 0.909155
8.31764 6.17832 3.81389 0.908495
8.51138 6.22882 3.85974 0.907912
8.70964 6.27988 3.90607 0.90699
8.91251 6.33151 3.95287 0.906039
9.12011 6.38371 4.00014 0.905141
9.33254 6.4365 4.0479 0.904077
9.54993 6.48989 4.09614 0.903162
9.77237 6.54387 4.14486 0.901952
10 6.59847 4.19407 0.90104
10.2329 6.65368 4.24378 0.899532
10.4713 6.70951 4.29398 0.898533
10.7152 6.76598 4.34468 0.897139
10.9648 6.82309 4.39588 0.895728
11.2202 6.88085 4.44758 0.894496
11.4815 6.93927 4.4998 0.892866
11.749 6.99836 4.55252 0.891534
12.0226 7.05813 4.60576 0.890008
12.3027 7.11858 4.65952 0.888457
12.5893 7.17972 4.71379 0.886919
12.8825 7.24157 4.7686 0.885197
13.1826 7.30413 4.82392 0.883496
13.4896 7.36742 4.87978 0.881691
13.8038 7.43144 4.93617 0.879867
14.1254 7.49621 4.99309 0.877905
14.4544 7.56172 5.05055 0.875952
14.7911 7.62801 5.10856 0.87425
15.1356 7.69506 5.16711 0.872299
15.4882 7.76291 5.2262 0.870064
15.8489 7.83155 5.28585 0.867845
16.2181 7.90099 5.34605 0.865849
16.5959 7.97126 5.4068 0.863515
16.9824 8.04235 5.46811 0.861323
17.378 8.11428 5.52998 0.859125
17.7828 8.18707 5.59242 0.856364
18.197 8.26072 5.65542 0.854278
18.6209 8.33525 5.719 0.851626
19.0546 8.41067 5.78314 0.849238
19.4984 8.48699 5.84786 0.846701
19.9526 8.56422 5.91315 0.844245
20.4174 8.64238 5.97903 0.841415
20.893 8.72149 6.04548 0.838655
21.3796 8.80154 6.11252 0.835856
21.8776 8.88256 6.18015 0.833135
22.3872 8.96457 6.24837 0.830385
22.9087 9.04757 6.31717 0.827495
23.4423 9.13158 6.38657 0.824521
23.9883 9.21661 6.45657 0.821659
24.5471 9.30268 6.52717 0.818638
25.1189 9.3898 6.59836 0.815597
25.704 9.478 6.67016 0.812527
26.3027 9.56727 6.74256 0.809366
26.9153 9.65765 6.81557 0.806214
27.5423 9.74914 6.88918 0.802934
28.1838 9.84176 6.9634 0.799648
28.8403 9.93554 7.03824 0.796397
29.5121 10.0305 7.11369 0.793145
30.1995 10.1266 7.18976 0.789835
30.903 10.2239 7.26644 0.786298
31.6228 10.3225 7.34374 0.782834
32.3594 10.4222 7.42166 0.779207
33.1131 10.5232 7.5002 0.775613
33.8844 10.6255 7.57937 0.771999
34.6737 10.7291 7.65916 0.768399
35.4813 10.834 7.73958 0.764658
36.3078 10.9403 7.82062 0.761163
37.1535 11.0478 7.90229 0.757389
38.0189 11.1568 7.98459 0.753698
38.9045 11.2671 8.06752 0.749709
39.8107 11.3789 8.15108 0.745885
40.738 11.492 8.23527 0.741984
41.6869 11.6067 8.32009 0.738111
42.658 11.7228 8.40555 0.734221
43.6516 11.8404 8.49165 0.73034
44.6684 11.9595 8.57837 0.72581
45.7088 12.0802 8.66573 0.722084
46.7735 12.2024 8.75373 0.717728
47.863 12.3263 8.84237 0.71364
48.9779 12.4517 8.93164 0.709542
50.1187 12.5788 9.02154 0.705426
51.2861 12.7076 9.11208 0.701166
52.4807 12.838 9.20326 0.69685
53.7032 12.9702 9.29508 0.692473
54.9541 13.1041 9.38753 0.688401
56.2341 13.2398 9.48061 0.684189
57.544 13.3773 9.57433 0.679646
58.8844 13.5166 9.66869 0.675162
60.256 13.6577 9.76368 0.670695
61.6595 13.8008 9.8593 0.666263
63.0957 13.9458 9.95556 0.661808
64.5654 14.0927 10.0524 0.657223
66.0693 14.2415 10.15 0.653113
67.6083 14.3924 10.2481 0.648189
69.1831 14.5454 10.3469 0.643719
70.7946 14.7004 10.4463 0.639079
72.4436 14.8575 10.5463 0.634517
74.131 15.0167 10.647 0.629781
75.8578 15.1781 10.7483 0.625004
77.6247 15.3417 10.8502 0.620741
79.4328 15.5076 10.9527 0.615469
81.2831 15.6757 11.0558 0.610837
83.1764 15.8462 11.1596 0.606368
85.1138 16.019 11.2639 0.601514
87.0964 16.1942 11.3689 0.596756
89.1251 16.3718 11.4745 0.592175
91.2011 16.5519 11.5807 0.58693
93.3254 16.7345 11.6875 0.582368
95.4993 16.9196 11.7948 0.577585
97.7237 17.1074 11.9028 0.572522
100 17.2977 12.0114 0.568104
102.329 17.4908 12.1206 0.563391
104.713 17.6866 12.2304 0.558082
107.152 17.8851 12.3407 0.553707
109.648 18.0864 12.4516 0.548407
112.202 18.2906 12.5631 0.543872
114.815 18.4977 12.6752 0.538533
117.49 18.7078 12.7879 0.53375
120.226 18.9209 12.9011 0.52888
123.027 19.137 13.0148 0.523949
125.893 19.3562 13.1292 0.519218
128.825 19.5786 13.2441 0.514285
131.826 19.8042 13.3595 0.509233
134.896 20.033 13.4755 0.504114
138.038 20.2652 13.592 0.499047
141.254 20.5007 13.709 0.494092
144.544 20.7397 13.8266 0.489464
147.911 20.9822 13.9447 0.48476
151.356 21.2282 14.0633 0.479568
154.882 21.4778 14.1824 0.474741
158.489 21.7311 14.302 0.469527
162.181 21.9882 14.4222 0.464775
165.959 22.249 14.5428 0.459918
169.824 22.5137 14.6639 0.454881
173.78 22.7824 14.7855 0.450274
177.828 23.055 14.9075 0.44531
181.97 23.3317 15.0301 0.440458
186.209 23.6126 15.1531 0.435198
190.546 23.8977 15.2765 0.43065
194.984 24.187 15.4004 0.425591
199.526 24.4807 15.5247 0.421226
204.174 24.7789 15.6495 0.416039
208.93 25.0816 15.7747 0.411141
213.796 25.3889 15.9003 0.406569
218.776 25.7008 16.0263 0.401408
223.872 26.0176 16.1527 0.396562
229.087 26.3391 16.2795 0.392036
234.423 26.6656 16.4067 0.387252
239.883 26.9972 16.5342 0.382307
245.471 27.3338 16.6621 0.377548
251.189 27.6756 16.7904 0.37263
257.04 28.0228 16.919 0.36828
263.027 28.3753 17.048 0.363874
269.153 28.7333 17.1773 0.358678
275.423 29.0969 17.3069 0.354133
281.838 29.4662 17.4369 0.349513
288.403 29.8413 17.5671 0.344908
295.121 30.2223 17.6976 0.340338
301.995 30.6093 17.8284 0.3359
309.03 31.0024 17.9595 0.331319
316.228 31.4017 18.0908 0.326405
323.594 31.8074 18.2224 0.322262
331.131 32.2196 18.3542 0.317476
338.844 32.6383 18.4863 0.313157
346.737 33.0637 18.6185 0.30857
354.813 33.496 18.751 0.304257
363.078 33.9352 18.8837 0.299958
371.535 34.3815 19.0165 0.295371
380.189 34.835 19.1495 0.291098
389.045 35.2958 19.2827 0.286674
398.107 35.7641 19.416 0.282506
407.38 36.2401 19.5494 0.278305
416.869 36.7238 19.683 0.274246
426.58 37.2155 19.8167 0.269725
436.516 37.7152 19.9505 0.265599
446.684 38.2231 20.0843 0.26133
457.088 38.7395 20.2183 0.25724
467.735 39.2643 20.3523 0.253161
478.63 39.7979 20.4863 0.248995
489.779 40.3403 20.6204 0.24537
501.187 40.8918 20.7545 0.241285
512.861 41.4524 20.8886 0.237208
524.807 42.0225 21.0226 0.233048
537.032 42.6021 21.1567 0.229372
549.541 43.1915 21.2907 0.225533
562.341 43.7909 21.4247 0.221524
575.44 44.4003 21.5586 0.217813
588.844 45.0201 21.6924 0.214086
602.56 45.6505 21.8261 0.210439
616.595 46.2916 21.9598 0.206664
630.957 46.9436 22.0932 0.202842
645.654 47.6068 22.2266 0.199236
660.693 48.2814 22.3598 0.195743
676.083 48.9676 22.4928 0.192062
691.831 49.6657 22.6257 0.188445
707.946 50.3759 22.7583 0.184718
724.436 51.0983 22.8907 0.181744
741.31 51.8334 23.0229 0.178048
758.578 52.5812 23.1549 0.174992
776.247 53.3422 23.2866 0.171506
794.328 54.1164 23.418 0.168026
812.831 54.9043 23.5491 0.164681
831.764 55.7061 23.6799 0.161538
851.138 56.522 23.8104 0.158186
870.964 57.3523 23.9405 0.155169
891.251 58.1975 24.0702 0.152133
912.011 59.0576 24.1996 0.148679
933.254 59.9331 24.3286 0.145886
954.993 60.8243 24.4572 0.142812
977.237 61.7314 24.5854 0.13985
1000 62.6549 24.7131 0.137051
1023.29 63.595 24.8404 0.133725
1047.13 64.5521 24.9671 0.131025
1071.52 65.5265 25.0934 0.127951
1096.48 66.5187 25.2192 0.125474
1122.02 67.5289 25.3444 0.122358
1148.15 68.5575 25.4691 0.119776
1174.9 69.605 25.5933 0.117148
1202.26 70.6717 25.7168 0.114495
1230.27 71.7581 25.8398 0.111911
1258.93 72.8645 25.9621 0.109126
1288.25 73.9913 26.0838 0.106816
1318.26 75.1391 26.2049 0.104081
1348.96 76.3081 26.3253 0.101712
1380.38 77.499 26.445 0.099351
1412.54 78.7121 26.564 0.0969989
1445.44 79.9479 26.6823 0.0945457
1479.11 81.207 26.7998 0.0921083
1513.56 82.4897 26.9166 0.0898703
1548.82 83.7967 27.0327 0.0875477
1584.89 85.1284 27.1479 0.0852789
1621.81 86.4854 27.2623 0.0832065
1659.59 87.8682 27.376 0.0812325
1698.24 89.2773 27.4887 0.0789956
1737.8 90.7134 27.6006 0.0769772
1778.28 92.177 27.7117 0.0748822
1819.7 93.6688 27.8218 0.0726836
1862.09 95.1893 27.931 0.0707719
1905.46 96.7391 28.0393 0.0689547
1949.84 98.319 28.1467 0.0670625
1995.26 99.9296 28.2531 0.0651346
2041.74 101.571 28.3585 0.0633425
2089.3 103.245 28.4629 0.0614838
2137.96 104.952 28.5664 0.0597366
2187.76 106.692 28.6687 0.0578169
2238.72 108.467 28.7701 0.0562739
2290.87 110.276 28.8703 0.0546233
2344.23 112.121 28.9695 0.0530255
2398.83 114.003 29.0676 0.0512842
2454.71 115.922 29.1646 0.0498565
2511.89 117.879 29.2605 0.0481398
2570.4 119.875 29.3552 0.0466638
2630.27 121.912 29.4487 0.0452277
2691.53 123.989 29.5411 0.043717
2754.23 126.108 29.6323 0.0422483
2818.38 128.27 29.7223 0.040876
2884.03 130.475 29.811 0.039601
2951.21 132.725 29.8985 0.0383084
3019.95 135.021 29.9848 0.036898
3090.3 137.364 30.0697 0.035532
3162.28 139.754 30.1534 0.0343516
3235.94 142.194 30.2358 0.0332468
3311.31 144.683 30.3169 0.0319123
3388.44 147.224 30.3967 0.0309059
3467.37 149.817 30.4751 0.0295552
3548.13 152.464 30.5521 0.0285015
3630.78 155.166 30.6278 0.0274953
3715.35 157.924 30.7021 0.0265326
3801.89 160.739 30.775 0.0254409
3890.45 163.613 30.8465 0.024374
3981.07 166.548 30.9165 0.0232977
4073.8 169.544 30.9852 0.0224746
4168.69 172.603 31.0523 0.0215023
4265.8 175.727 31.118 0.0206603
4365.16 178.916 31.1823 0.0196626
4466.84 182.174 31.245 0.0187622
4570.88 185.501 31.3062 0.0179775
4677.35 188.898 31.366 0.0171485
4786.3 192.368 31.4242 0.016492
4897.79 195.913 31.4808 0.015502
5011.87 199.534 31.5359 0.0148115
5128.61 203.232 31.5895 0.0141858
5248.07 207.011 31.6415 0.0134
5370.32 210.871 31.6919 0.0127249
5495.41 214.815 31.7408 0.012028
5623.41 218.845 31.788 0.0113843
5754.4 222.963 31.8336 0.0107325
5888.44 227.17 31.8776 0.010129
6025.6 231.47 31.92 0.00961613
6165.95 235.864 31.9608 0.00896004
6309.57 240.355 31.9999 0.0085126
6456.54 244.945 32.0374 0.0078768
6606.93 249.637 32.0732 0.0073549
6760.83 254.433 32.1073 0.00679061
6918.31 259.335 32.1398 0.00639399
7079.46 264.346 32.1706 0.00589682
7244.36 269.47 32.1997 0.00541415
7413.1 274.708 32.2271 0.00507775
7585.78 280.064 32.2529 0.00468864
7762.47 285.54 32.2769 0.0042071
7943.28 291.14 32.2992 0.00379913
8128.31 296.867 32.3198 0.00340771
8317.64 302.723 32.3387 0.00303169
8511.38 308.713 32.3559 0.00267004
8709.64 314.838 32.3713 0.00237857
8912.51 321.104 32.385 0.00202254
9120.11 327.513 32.397 0.0017672
9332.54 334.07 32.4072 0.00138874
9549.93 340.776 32.4157 0.00113333
9772.37 347.638 32.4225 0.000827159
10000 354.658 32.4275 0.000566056
