Pressure (Mbar) | Density (g cm^-3) | dP/dRho (Mbar g^-1 cm^3) | d^2P/dRho^2 (Mbar g^-2 cm^6) 

0.000010 7.855597 0.208012 0.110178
0.000010 7.855597 0.208012 0.110182
0.000010 7.855597 0.208012 0.110178
0.000011 7.855597 0.208013 0.110178
0.000011 7.855607 0.208013 0.110186
0.000011 7.855607 0.208013 0.110186
0.000011 7.855607 0.208013 0.110178
0.000012 7.855607 0.208013 0.110178
0.000012 7.855607 0.208013 0.110178
0.000012 7.855607 0.208013 0.110182
0.000013 7.855607 0.208014 0.110178
0.000013 7.855616 0.208014 0.110178
0.000013 7.855616 0.208014 0.110178
0.000013 7.855616 0.208014 0.110182
0.000014 7.855616 0.208014 0.110178
0.000014 7.855616 0.208014 0.110182
0.000014 7.855616 0.208015 0.110182
0.000015 7.855616 0.208015 0.110178
0.000015 7.855626 0.208015 0.110178
0.000015 7.855626 0.208015 0.110182
0.000016 7.855626 0.208015 0.110178
0.000016 7.855626 0.208016 0.110182
0.000017 7.855626 0.208016 0.110182
0.000017 7.855635 0.208016 0.110178
0.000017 7.855635 0.208016 0.110182
0.000018 7.855635 0.208016 0.110178
0.000018 7.855635 0.208017 0.110178
0.000019 7.855635 0.208017 0.110178
0.000019 7.855645 0.208017 0.110179
0.000019 7.855645 0.208017 0.110179
0.000020 7.855645 0.208018 0.110179
0.000020 7.855645 0.208018 0.110179
0.000021 7.855654 0.208018 0.110183
0.000021 7.855654 0.208018 0.110183
0.000022 7.855654 0.208019 0.110179
0.000022 7.855654 0.208019 0.110183
0.000023 7.855664 0.208019 0.110179
0.000023 7.855664 0.208019 0.110179
0.000024 7.855664 0.208020 0.110183
0.000025 7.855664 0.208020 0.110183
0.000025 7.855673 0.208020 0.110183
0.000026 7.855673 0.208021 0.110179
0.000026 7.855673 0.208021 0.110179
0.000027 7.855683 0.208021 0.110179
0.000028 7.855683 0.208022 0.110179
0.000028 7.855683 0.208022 0.110183
0.000029 7.855692 0.208022 0.110183
0.000030 7.855692 0.208023 0.110183
0.000030 7.855692 0.208023 0.110183
0.000031 7.855702 0.208023 0.110183
0.000032 7.855702 0.208024 0.110179
0.000032 7.855702 0.208024 0.110184
0.000033 7.855711 0.208024 0.110180
0.000034 7.855711 0.208025 0.110180
0.000035 7.855721 0.208025 0.110184
0.000035 7.855721 0.208026 0.110180
0.000036 7.855721 0.208026 0.110180
0.000037 7.855731 0.208027 0.110180
0.000038 7.855731 0.208027 0.110184
0.000039 7.855741 0.208028 0.110188
0.000040 7.855741 0.208028 0.110184
0.000041 7.855749 0.208029 0.110180
0.000042 7.855749 0.208029 0.110184
0.000043 7.855759 0.208031 0.110180
0.000044 7.855759 0.208031 0.110180
0.000045 7.855768 0.208032 0.110180
0.000046 7.855768 0.208032 0.110185
0.000047 7.855778 0.208033 0.110181
0.000048 7.855778 0.208033 0.110181
0.000049 7.855787 0.208034 0.110181
0.000050 7.855787 0.208034 0.110181
0.000051 7.855797 0.208035 0.110181
0.000052 7.855806 0.208036 0.110177
0.000054 7.855806 0.208036 0.110185
0.000055 7.855816 0.208037 0.110194
0.000056 7.855816 0.208038 0.110177
0.000058 7.855825 0.208038 0.110181
0.000059 7.855835 0.208039 0.110182
0.000060 7.855835 0.208040 0.110186
0.000062 7.855844 0.208041 0.110182
0.000063 7.855854 0.208041 0.110182
0.000065 7.855864 0.208042 0.110182
0.000066 7.855864 0.208043 0.110182
0.000068 7.855873 0.208044 0.110186
0.000069 7.855883 0.208045 0.110186
0.000071 7.855892 0.208045 0.110186
0.000072 7.855902 0.208046 0.110187
0.000074 7.855911 0.208047 0.110183
0.000076 7.855911 0.208048 0.110183
0.000078 7.855921 0.208049 0.110192
0.000079 7.855930 0.208051 0.110183
0.000081 7.855940 0.208052 0.110192
0.000083 7.855948 0.208053 0.110179
0.000085 7.855958 0.208054 0.110184
0.000087 7.855968 0.208055 0.110184
0.000089 7.855978 0.208056 0.110184
0.000091 7.855987 0.208057 0.110188
0.000093 7.855997 0.208058 0.110184
0.000095 7.856006 0.208060 0.110184
0.000098 7.856016 0.208061 0.110185
0.000100 7.856035 0.208062 0.110185
0.000102 7.856044 0.208063 0.110189
0.000105 7.856054 0.208064 0.110189
0.000107 7.856063 0.208066 0.110189
0.000110 7.856073 0.208067 0.110194
0.000112 7.856092 0.208068 0.110186
0.000115 7.856101 0.208071 0.110186
0.000117 7.856111 0.208072 0.110182
0.000120 7.856130 0.208074 0.110186
0.000123 7.856139 0.208075 0.110187
0.000126 7.856158 0.208077 0.110192
0.000129 7.856168 0.208078 0.110187
0.000132 7.856186 0.208080 0.110192
0.000135 7.856196 0.208081 0.110192
0.000138 7.856215 0.208083 0.110184
0.000141 7.856224 0.208085 0.110193
0.000145 7.856243 0.208087 0.110188
0.000148 7.856262 0.208088 0.110193
0.000151 7.856281 0.208091 0.110194
0.000155 7.856291 0.208093 0.110194
0.000158 7.856310 0.208095 0.110189
0.000162 7.856329 0.208097 0.110195
0.000166 7.856348 0.208099 0.110195
0.000170 7.856367 0.208101 0.110199
0.000174 7.856386 0.208103 0.110195
0.000178 7.856405 0.208105 0.110196
0.000182 7.856424 0.208107 0.110196
0.000186 7.856443 0.208111 0.110192
0.000191 7.856462 0.208113 0.110188
0.000195 7.856491 0.208115 0.110197
0.000200 7.856510 0.208118 0.110197
0.000204 7.856528 0.208120 0.110194
0.000209 7.856556 0.208123 0.110198
0.000214 7.856575 0.208125 0.110195
0.000219 7.856605 0.208128 0.110199
0.000224 7.856624 0.208132 0.110199
0.000229 7.856652 0.208134 0.110196
0.000234 7.856681 0.208137 0.110196
0.000240 7.856700 0.208140 0.110197
0.000245 7.856728 0.208143 0.110193
0.000251 7.856757 0.208146 0.110193
0.000257 7.856785 0.208149 0.110198
0.000263 7.856814 0.208153 0.110202
0.000269 7.856842 0.208156 0.110203
0.000275 7.856870 0.208160 0.110199
0.000282 7.856908 0.208163 0.110200
0.000288 7.856937 0.208167 0.110204
0.000295 7.856965 0.208171 0.110201
0.000302 7.857003 0.208175 0.110201
0.000309 7.857032 0.208179 0.110206
0.000316 7.857070 0.208182 0.110202
0.000324 7.857108 0.208186 0.110203
0.000331 7.857136 0.208191 0.110208
0.000339 7.857174 0.208195 0.110204
0.000347 7.857213 0.208200 0.110214
0.000355 7.857251 0.208204 0.110209
0.000363 7.857298 0.208208 0.110211
0.000372 7.857336 0.208214 0.110212
0.000380 7.857374 0.208218 0.110212
0.000389 7.857422 0.208223 0.110204
0.000398 7.857460 0.208228 0.110205
0.000407 7.857507 0.208234 0.110215
0.000417 7.857554 0.208239 0.110215
0.000427 7.857602 0.208244 0.110220
0.000437 7.857649 0.208249 0.110217
0.000447 7.857697 0.208255 0.110214
0.000457 7.857744 0.208261 0.110214
0.000468 7.857801 0.208267 0.110215
0.000479 7.857849 0.208273 0.110216
0.000490 7.857905 0.208279 0.110221
0.000501 7.857954 0.208285 0.110222
0.000513 7.858011 0.208292 0.110223
0.000525 7.858068 0.208299 0.110224
0.000537 7.858134 0.208305 0.110225
0.000550 7.858191 0.208313 0.110222
0.000562 7.858248 0.208320 0.110223
0.000575 7.858314 0.208327 0.110228
0.000589 7.858381 0.208335 0.110229
0.000603 7.858448 0.208342 0.110226
0.000617 7.858514 0.208349 0.110223
0.000631 7.858581 0.208358 0.110233
0.000646 7.858647 0.208366 0.110234
0.000661 7.858723 0.208375 0.110235
0.000676 7.858799 0.208383 0.110240
0.000692 7.858875 0.208392 0.110238
0.000708 7.858951 0.208401 0.110243
0.000724 7.859027 0.208409 0.110236
0.000741 7.859112 0.208419 0.110237
0.000759 7.859189 0.208428 0.110247
0.000776 7.859274 0.208439 0.110244
0.000794 7.859369 0.208448 0.110245
0.000813 7.859455 0.208459 0.110243
0.000832 7.859540 0.208469 0.110248
0.000851 7.859635 0.208480 0.110251
0.000871 7.859730 0.208492 0.110247
0.000891 7.859826 0.208503 0.110249
0.000912 7.859930 0.208515 0.110260
0.000933 7.860034 0.208526 0.110257
0.000955 7.860139 0.208538 0.110259
0.000977 7.860243 0.208551 0.110261
0.001000 7.860347 0.208563 0.110258
0.001023 7.860461 0.208576 0.110260
0.001047 7.860576 0.208589 0.110262
0.001072 7.860690 0.208603 0.110268
0.001096 7.860813 0.208617 0.110271
0.001122 7.860936 0.208632 0.110273
0.001148 7.861060 0.208645 0.110275
0.001175 7.861193 0.208661 0.110273
0.001202 7.861317 0.208676 0.110279
0.001230 7.861459 0.208692 0.110277
0.001259 7.861592 0.208707 0.110287
0.001288 7.861734 0.208723 0.110291
0.001318 7.861876 0.208740 0.110293
0.001349 7.862020 0.208758 0.110291
0.001380 7.862172 0.208775 0.110294
0.001413 7.862323 0.208793 0.110296
0.001445 7.862485 0.208812 0.110299
0.001479 7.862647 0.208829 0.110301
0.001514 7.862808 0.208849 0.110304
0.001549 7.862979 0.208868 0.110307
0.001585 7.863151 0.208888 0.110314
0.001622 7.863331 0.208909 0.110308
0.001660 7.863511 0.208931 0.110316
0.001698 7.863691 0.208952 0.110319
0.001738 7.863882 0.208974 0.110322
0.001778 7.864081 0.208996 0.110325
0.001820 7.864280 0.209019 0.110328
0.001862 7.864480 0.209043 0.110333
0.001905 7.864689 0.209066 0.110340
0.001950 7.864898 0.209092 0.110343
0.001995 7.865117 0.209117 0.110343
0.002042 7.865335 0.209142 0.110347
0.002089 7.865563 0.209168 0.110351
0.002138 7.865800 0.209196 0.110359
0.002188 7.866038 0.209223 0.110363
0.002239 7.866285 0.209252 0.110372
0.002291 7.866531 0.209281 0.110363
0.002344 7.866789 0.209311 0.110372
0.002399 7.867045 0.209341 0.110376
0.002455 7.867311 0.209372 0.110380
0.002512 7.867586 0.209403 0.110389
0.002570 7.867862 0.209436 0.110398
0.002630 7.868147 0.209469 0.110399
0.002692 7.868442 0.209503 0.110399
0.002754 7.868746 0.209538 0.110404
0.002818 7.869049 0.209574 0.110409
0.002884 7.869363 0.209609 0.110415
0.002951 7.869686 0.209647 0.110420
0.003020 7.870009 0.209685 0.110431
0.003090 7.870341 0.209724 0.110436
0.003162 7.870693 0.209764 0.110441
0.003236 7.871044 0.209805 0.110452
0.003311 7.871396 0.209846 0.110454
0.003388 7.871767 0.209889 0.110460
0.003467 7.872147 0.209933 0.110462
0.003548 7.872527 0.209978 0.110473
0.003631 7.872925 0.210023 0.110479
0.003715 7.873325 0.210071 0.110486
0.003802 7.873734 0.210118 0.110493
0.003890 7.874161 0.210167 0.110504
0.003981 7.874588 0.210218 0.110503
0.004074 7.875025 0.210268 0.110511
0.004169 7.875481 0.210321 0.110522
0.004266 7.875947 0.210375 0.110535
0.004365 7.876412 0.210431 0.110542
0.004467 7.876896 0.210486 0.110542
0.004571 7.877391 0.210544 0.110551
0.004677 7.877893 0.210602 0.110563
0.004786 7.878417 0.210663 0.110576
0.004898 7.878939 0.210724 0.110585
0.005012 7.879481 0.210787 0.110595
0.005129 7.880041 0.210852 0.110599
0.005248 7.880601 0.210918 0.110614
0.005370 7.881181 0.210985 0.110627
0.005495 7.881779 0.211055 0.110633
0.005623 7.882387 0.211125 0.110643
0.005754 7.883005 0.211197 0.110654
0.005888 7.883641 0.211272 0.110660
0.006026 7.884287 0.211346 0.110672
0.006166 7.884952 0.211424 0.110686
0.006310 7.885627 0.211503 0.110702
0.006457 7.886330 0.211584 0.110714
0.006607 7.887033 0.211667 0.110717
0.006761 7.887764 0.211752 0.110734
0.006918 7.888505 0.211838 0.110751
0.007079 7.889266 0.211927 0.110759
0.007244 7.890045 0.212018 0.110773
0.007413 7.890843 0.212111 0.110789
0.007586 7.891659 0.212205 0.110803
0.007762 7.892487 0.212302 0.110814
0.007943 7.893341 0.212402 0.110827
0.008128 7.894206 0.212503 0.110842
0.008318 7.895098 0.212607 0.110871
0.008511 7.896011 0.212714 0.110873
0.008710 7.896941 0.212822 0.110888
0.008913 7.897901 0.212934 0.110908
0.009120 7.898870 0.213047 0.110925
0.009333 7.899868 0.213164 0.110942
0.009550 7.900884 0.213283 0.110963
0.009772 7.901928 0.213405 0.110977
0.010000 7.902993 0.213529 0.110995
0.010233 7.904086 0.213657 0.111017
0.010471 7.905207 0.213787 0.111040
0.010715 7.906346 0.213920 0.111055
0.010965 7.907506 0.214057 0.111075
0.011220 7.908703 0.214197 0.111089
0.011482 7.909919 0.214339 0.111115
0.011749 7.911172 0.214485 0.111140
0.012023 7.912446 0.214634 0.111153
0.012303 7.913747 0.214786 0.111183
0.012589 7.915086 0.214943 0.111201
0.012882 7.916445 0.215102 0.111224
0.013183 7.917841 0.215265 0.111256
0.013490 7.919267 0.215433 0.111272
0.013804 7.920720 0.215603 0.111300
0.014125 7.922212 0.215778 0.111324
0.014454 7.923741 0.215957 0.111346
0.014791 7.925299 0.216140 0.111381
0.015136 7.926895 0.216326 0.111403
0.015488 7.928519 0.216518 0.111435
0.015849 7.930182 0.216713 0.111458
0.016218 7.931892 0.216913 0.111495
0.016596 7.933630 0.217117 0.111520
0.016982 7.935407 0.217326 0.111549
0.017378 7.937232 0.217540 0.111580
0.017783 7.939083 0.217758 0.111615
0.018197 7.940993 0.217981 0.111642
0.018621 7.942931 0.218209 0.111683
0.019055 7.944916 0.218443 0.111717
0.019498 7.946949 0.218682 0.111741
0.019953 7.949030 0.218926 0.111780
0.020417 7.951149 0.219176 0.111820
0.020893 7.953315 0.219432 0.111856
0.021380 7.955528 0.219693 0.111888
0.021878 7.957798 0.219959 0.111926
0.022387 7.960117 0.220233 0.111974
0.022909 7.962482 0.220512 0.112008
0.023442 7.964895 0.220796 0.112057
0.023988 7.967365 0.221087 0.112089
0.024547 7.969893 0.221386 0.112140
0.025119 7.972476 0.221691 0.112182
0.025704 7.975117 0.222002 0.112217
0.026303 7.977805 0.222320 0.112262
0.026915 7.980560 0.222646 0.112320
0.027542 7.983373 0.222979 0.112362
0.028184 7.986251 0.223319 0.112415
0.028840 7.989186 0.223666 0.112463
0.029512 7.992189 0.224022 0.112517
0.030199 7.995257 0.224385 0.112563
0.030903 7.998392 0.224757 0.112615
0.031623 8.001584 0.225136 0.112672
0.032359 8.004852 0.225523 0.112729
0.033113 8.008196 0.225920 0.112784
0.033884 8.011607 0.226325 0.112840
0.034674 8.015093 0.226739 0.112898
0.035481 8.018645 0.227162 0.112952
0.036308 8.022285 0.227594 0.113024
0.037154 8.025999 0.228036 0.113076
0.038019 8.029789 0.228487 0.113142
0.038904 8.033656 0.228948 0.113201
0.039811 8.037618 0.229420 0.113271
0.040738 8.041655 0.229901 0.113341
0.041687 8.045778 0.230394 0.113408
0.042658 8.049987 0.230896 0.113485
0.043652 8.054281 0.231409 0.113556
0.044668 8.058669 0.231935 0.113622
0.045709 8.063153 0.232471 0.113700
0.046774 8.067723 0.233019 0.113774
0.047863 8.072397 0.233578 0.113849
0.048978 8.077167 0.234149 0.113932
0.050119 8.082029 0.234734 0.114009
0.051286 8.086999 0.235329 0.114095
0.052481 8.092072 0.235939 0.114176
0.053703 8.097239 0.236561 0.114264
0.054954 8.102521 0.237196 0.114354
0.056234 8.107908 0.237845 0.114441
0.057544 8.113409 0.238507 0.114534
0.058884 8.119023 0.239184 0.114619
0.060256 8.124752 0.239876 0.114720
0.061660 8.130594 0.240582 0.114804
0.063096 8.136550 0.241302 0.114904
0.064565 8.142631 0.242038 0.115006
0.066069 8.148833 0.242789 0.115105
0.067608 8.155170 0.243557 0.115220
0.069183 8.161621 0.244340 0.115318
0.070795 8.168204 0.245140 0.115422
0.072444 8.174921 0.245956 0.115534
0.074131 8.181770 0.246789 0.115647
0.075858 8.188752 0.247640 0.115757
0.077625 8.195878 0.248508 0.115874
0.079433 8.203145 0.249395 0.115994
0.081283 8.210546 0.250299 0.116105
0.083176 8.218099 0.251222 0.116234
0.085114 8.225793 0.252165 0.116355
0.087096 8.233641 0.253126 0.116482
0.089125 8.241640 0.254107 0.116602
0.091201 8.249800 0.255109 0.116739
0.093325 8.258103 0.256131 0.116868
0.095499 8.266577 0.257174 0.117005
0.097724 8.275212 0.258237 0.117148
0.100000 8.284000 0.259323 0.117285
0.102329 8.292968 0.260429 0.117429
0.104713 8.302097 0.261559 0.117564
0.107152 8.311407 0.262712 0.117713
0.109648 8.320889 0.263887 0.117863
0.112202 8.330540 0.265086 0.118017
0.114815 8.340373 0.266308 0.118177
0.117490 8.350396 0.267556 0.118331
0.120226 8.360599 0.268827 0.118491
0.123027 8.370992 0.270124 0.118649
0.125893 8.381575 0.271447 0.118820
0.128825 8.392347 0.272796 0.118983
0.131826 8.403320 0.274172 0.119154
0.134896 8.414492 0.275574 0.119327
0.138038 8.425864 0.277003 0.119498
0.141254 8.437445 0.278460 0.119681
0.144544 8.449234 0.279946 0.119858
0.147911 8.461223 0.281460 0.120042
0.151356 8.473431 0.283004 0.120229
0.154882 8.485856 0.284578 0.120419
0.158489 8.498491 0.286181 0.120611
0.162181 8.511363 0.287816 0.120805
0.165959 8.524445 0.289481 0.121008
0.169824 8.537764 0.291179 0.121204
0.173780 8.551302 0.292908 0.121413
0.177828 8.565085 0.294671 0.121625
0.181970 8.579099 0.296466 0.121823
0.186209 8.593349 0.298296 0.122029
0.190546 8.607845 0.300159 0.122261
0.194984 8.622590 0.302058 0.122467
0.199526 8.637571 0.303992 0.122694
0.204174 8.652818 0.305962 0.122912
0.208930 8.668303 0.307968 0.123138
0.213796 8.684055 0.310012 0.123379
0.218776 8.700072 0.312093 0.123605
0.223872 8.716345 0.314213 0.123846
0.229087 8.732884 0.316371 0.124084
0.234423 8.749690 0.318568 0.124325
0.239883 8.766771 0.320805 0.124569
0.245471 8.784128 0.323084 0.124823
0.251189 8.801760 0.325403 0.125073
0.257040 8.819676 0.327764 0.125332
0.263027 8.837878 0.330167 0.125581
0.269153 8.856365 0.332614 0.125845
0.275423 8.875137 0.335104 0.126114
0.281838 8.894214 0.337639 0.126378
0.288403 8.913584 0.340218 0.126645
0.295121 8.933249 0.342843 0.126923
0.301995 8.953227 0.345515 0.127195
0.309030 8.973501 0.348233 0.127465
0.316228 8.994097 0.350998 0.127752
0.323594 9.014996 0.353813 0.128040
0.331131 9.036210 0.356676 0.128333
0.338844 9.057746 0.359587 0.128619
0.346737 9.079606 0.362551 0.128922
0.354813 9.101798 0.365564 0.129209
0.363078 9.124313 0.368631 0.129519
0.371535 9.147151 0.371748 0.129818
0.380189 9.170331 0.374920 0.130120
0.389045 9.193853 0.378145 0.130432
0.398107 9.217717 0.381425 0.130738
0.407380 9.241923 0.384760 0.131056
0.416869 9.266471 0.388152 0.131368
0.426580 9.291380 0.391600 0.131698
0.436516 9.316640 0.395106 0.132017
0.446684 9.342261 0.398671 0.132344
0.457088 9.368244 0.402295 0.132668
0.467735 9.394588 0.405978 0.132994
0.478630 9.421302 0.409723 0.133343
0.489779 9.448386 0.413529 0.133667
0.501187 9.475842 0.417398 0.134015
0.512861 9.503705 0.421329 0.134358
0.524807 9.531919 0.425326 0.134697
0.537032 9.560514 0.429387 0.135046
0.549541 9.589490 0.433514 0.135396
0.562341 9.618845 0.437707 0.135747
0.575440 9.648675 0.441968 0.136103
0.588844 9.678885 0.446298 0.136461
0.602560 9.709380 0.450697 0.136805
0.616595 9.740445 0.455165 0.137181
0.630957 9.771795 0.459705 0.137537
0.645654 9.803620 0.464317 0.137905
0.660693 9.835825 0.469002 0.138282
0.676083 9.868505 0.473760 0.138652
0.691831 9.901565 0.478594 0.139029
0.707946 9.935101 0.483502 0.139397
0.724436 9.969015 0.488488 0.139772
0.741310 10.003405 0.493552 0.140140
0.758578 10.038175 0.498693 0.140529
0.776247 10.073420 0.503914 0.140918
0.794328 10.109140 0.509216 0.141300
0.812831 10.145240 0.514599 0.141692
0.831764 10.181815 0.520065 0.142063
0.851138 10.218864 0.525614 0.142457
0.870964 10.256390 0.531248 0.142847
0.891251 10.294390 0.536967 0.143236
0.912011 10.332866 0.542774 0.143636
0.933254 10.371815 0.548667 0.144038
0.954993 10.411240 0.554651 0.144431
0.977237 10.451045 0.560723 0.144835
1.000000 10.491420 0.566886 0.145240
1.023290 10.532366 0.573141 0.145623
1.047130 10.573690 0.579489 0.146025
1.071520 10.615585 0.585933 0.146415
1.096480 10.657860 0.592471 0.146838
1.122020 10.700800 0.599105 0.147233
1.148150 10.744120 0.605838 0.147631
1.174900 10.788010 0.612669 0.148049
1.202260 10.832470 0.619601 0.148452
1.230270 10.877405 0.626633 0.148855
1.258930 10.922910 0.633768 0.149265
1.288250 10.968890 0.641006 0.149658
1.318260 11.015440 0.648349 0.150080
1.348960 11.062560 0.655799 0.150471
1.380380 11.110154 0.663356 0.150883
1.412540 11.158319 0.671020 0.151299
1.445440 11.207150 0.678795 0.151703
1.479110 11.256454 0.686681 0.152114
1.513560 11.306330 0.694679 0.152524
1.548820 11.356775 0.702792 0.152948
1.584890 11.407789 0.711018 0.153338
1.621810 11.459375 0.719361 0.153757
1.659590 11.511625 0.727821 0.154148
1.698240 11.564445 0.736401 0.154566
1.737800 11.617834 0.745101 0.154966
1.778280 11.671795 0.753922 0.155385
1.819700 11.726420 0.762866 0.155769
1.862090 11.781710 0.771936 0.156189
1.905460 11.837570 0.781131 0.156574
1.949840 11.894000 0.790453 0.156986
1.995260 11.951095 0.799903 0.157379
2.041740 12.008855 0.809483 0.157782
2.089300 12.067280 0.819196 0.158172
2.137960 12.126369 0.829041 0.158582
2.187760 12.186030 0.839021 0.158968
2.238720 12.246449 0.849137 0.159373
2.290870 12.307440 0.859389 0.159758
2.344230 12.369190 0.869782 0.160158
2.398830 12.431605 0.880315 0.160538
2.454710 12.494685 0.890989 0.160926
2.511890 12.558431 0.901807 0.161301
2.570400 12.622935 0.912772 0.161685
2.630270 12.688200 0.923882 0.162078
2.691530 12.754035 0.935140 0.162444
2.754230 12.820724 0.946548 0.162820
2.818380 12.888080 0.958108 0.163207
2.884030 12.956195 0.969821 0.163565
2.951210 13.024975 0.981690 0.163947
3.019950 13.094610 0.993714 0.164311
3.090300 13.165005 1.005896 0.164678
3.162280 13.236065 1.018238 0.165036
3.235940 13.307980 1.030742 0.165391
3.311310 13.380655 1.043408 0.165756
3.388440 13.454185 1.056242 0.166098
3.467370 13.528380 1.069242 0.166451
3.548130 13.603525 1.082411 0.166787
3.630780 13.679335 1.095747 0.167139
3.715350 13.756095 1.109253 0.167461
3.801890 13.833615 1.122937 0.167785
3.890450 13.911990 1.136789 0.168145
3.981070 13.991220 1.150832 0.168463
4.073800 14.071305 1.165042 0.168765
4.168690 14.152246 1.179432 0.169094
4.265800 14.234040 1.194010 0.169401
4.365160 14.316785 1.208779 0.169728
4.466840 14.400385 1.223726 0.170014
4.570880 14.484935 1.238863 0.170332
4.677350 14.570340 1.254189 0.170623
4.786300 14.656600 1.269705 0.170926
4.897790 14.743905 1.285421 0.171207
5.011870 14.832160 1.301326 0.171505
5.128610 14.921270 1.317432 0.171747
5.248070 15.011425 1.333747 0.172036
5.370320 15.102530 1.350253 0.172297
5.495410 15.194585 1.366968 0.172554
5.623410 15.287589 1.383884 0.172839
5.754400 15.381735 1.401011 0.173069
5.888440 15.476735 1.418337 0.173327
6.025600 15.572875 1.435884 0.173535
6.165950 15.670060 1.453653 0.173802
6.309570 15.768196 1.471621 0.174020
6.456540 15.867471 1.489821 0.174260
6.606930 15.967791 1.508232 0.174475
6.760830 16.069250 1.526874 0.174698
6.918310 16.171755 1.545726 0.174876
7.079460 16.275307 1.564811 0.175089
7.244360 16.380091 1.584126 0.175304
7.413100 16.485920 1.603674 0.175465
7.585780 16.592983 1.623453 0.175676
7.762470 16.701094 1.643463 0.175845
7.943280 16.810440 1.663716 0.176006
8.128310 16.921021 1.684200 0.176180
8.317640 17.032740 1.704926 0.176307
8.511380 17.145695 1.725895 0.176476
8.709640 17.259886 1.747116 0.176604
8.912510 17.375214 1.768579 0.176729
9.120110 17.491970 1.790295 0.176892
9.332540 17.609865 1.812253 0.176967
9.549930 17.729092 1.834474 0.177109
9.772370 17.849646 1.856947 0.177233
10.000000 17.971434 1.879684 0.177318
10.232900 18.094650 1.902684 0.177409
10.471300 18.219099 1.925937 0.177478
10.715200 18.344975 1.949463 0.177583
10.964800 18.472275 1.973253 0.177626
11.220200 18.600906 1.997316 0.177708
11.481500 18.730961 2.021642 0.177744
11.749000 18.862440 2.046253 0.177807
12.022600 18.995344 2.071137 0.177846
12.302700 19.129770 2.096295 0.177900
12.589300 19.265619 2.121747 0.177902
12.882500 19.402990 2.147474 0.177909
13.182600 19.541880 2.173484 0.177908
13.489600 19.682384 2.199779 0.177920
13.803800 19.824316 2.226368 0.177898
14.125400 19.967861 2.253253 0.177899
14.454400 20.113020 2.280432 0.177858
14.791100 20.259794 2.307916 0.177849
15.135600 20.408184 2.335684 0.177818
15.488200 20.558189 2.363758 0.177757
15.848900 20.709906 2.392148 0.177686
16.218100 20.863329 2.420831 0.177608
16.595900 21.018465 2.449831 0.177541
16.982401 21.175310 2.479137 0.177462
17.378000 21.333864 2.508758 0.177356
17.782801 21.494320 2.538695 0.177242
18.197001 21.656487 2.568947 0.177166
18.620899 21.820549 2.599526 0.177032
19.054600 21.986420 2.630421 0.176907
19.498400 22.154097 2.661642 0.176732
19.952600 22.323765 2.693190 0.176627
20.417400 22.495335 2.725074 0.176455
20.893000 22.668806 2.757284 0.176298
21.379601 22.844271 2.789832 0.176139
21.877600 23.021730 2.822716 0.175929
22.387199 23.201185 2.855937 0.175748
22.908701 23.382729 2.889495 0.175508
23.442301 23.566364 2.923400 0.175329
23.988300 23.751995 2.957653 0.175116
24.547100 23.939810 2.992253 0.174877
25.118900 24.129810 3.027200 0.174655
25.704000 24.321995 3.062505 0.174412
26.302700 24.516365 3.098168 0.174161
26.915300 24.712919 3.134179 0.173885
27.542299 24.911850 3.170547 0.173625
28.183800 25.112965 3.207284 0.173318
28.840300 25.316549 3.244390 0.173018
29.512100 25.522415 3.281852 0.172752
30.199499 25.730656 3.319684 0.172437
30.903000 25.941364 3.357884 0.172097
31.622801 26.154449 3.396463 0.171763
32.359402 26.370100 3.435410 0.171444
33.113098 26.588221 3.474737 0.171080
33.884399 26.809000 3.514442 0.170697
34.673698 27.032249 3.554526 0.170357
35.481300 27.258255 3.595000 0.169964
36.307800 27.486826 3.635853 0.169573
37.153500 27.718056 3.677095 0.169183
38.018902 27.952135 3.718726 0.168781
38.904499 28.188971 3.760747 0.168380
39.810699 28.428560 3.803158 0.167956
40.737999 28.671000 3.845968 0.167524
41.686901 28.916384 3.889179 0.167092
42.658001 29.164619 3.932779 0.166614
43.651600 29.415895 3.976789 0.166192
44.668400 29.670116 4.021200 0.165717
45.708801 29.927469 4.066021 0.165197
46.773499 30.187864 4.111242 0.164734
47.862999 30.451395 4.156874 0.164204
48.977901 30.718155 4.202905 0.163751
50.118698 30.988049 4.249358 0.163213
51.286098 31.261271 4.296232 0.162723
52.480701 31.537815 4.343516 0.162136
53.703201 31.817684 4.391211 0.161652
54.954102 32.101070 4.439326 0.161047
56.234100 32.387779 4.487874 0.160500
57.543999 32.678101 4.536831 0.159953
58.884399 32.971931 4.586211 0.159374
60.256001 33.269382 4.636021 0.158788
61.659500 33.570530 4.686263 0.158186
63.095699 33.875290 4.736927 0.157616
64.565399 34.183945 4.788021 0.156982
66.069298 34.496307 4.839547 0.156344
67.608299 34.812656 4.891506 0.155756
69.183098 35.132900 4.943895 0.155114
70.794601 35.457134 4.996727 0.154460
72.443604 35.785362 5.049990 0.153829
74.130997 36.117764 5.103694 0.153152
75.857803 36.454254 5.157832 0.152495
77.624702 36.795021 5.212410 0.151803
79.432800 37.140152 5.267431 0.151091
81.283096 37.489563 5.322895 0.150440
83.176399 37.843342 5.378800 0.149742
85.113800 38.201683 5.435148 0.149017
87.096397 38.564583 5.491937 0.148342
89.125099 38.932045 5.549179 0.147648
91.201103 39.304253 5.606863 0.146867
93.325401 39.681122 5.665000 0.146149
95.499298 40.062927 5.723579 0.145437
97.723701 40.449574 5.782611 0.144699
100.000000 40.841164 5.842084 0.143919
102.329002 41.237885 5.902011 0.143120
104.712997 41.639641 5.962389 0.142365
107.152000 42.046623 6.023221 0.141578
109.648003 42.458920 6.084495 0.140851
112.202003 42.876541 6.146232 0.140016
114.815002 43.299671 6.208411 0.139243
117.489998 43.728218 6.271042 0.138443
120.225998 44.162460 6.334126 0.137613
123.027000 44.602406 6.397674 0.136798
125.892998 45.048050 6.461663 0.135968
128.824997 45.499680 6.526095 0.135147
131.826004 45.957199 6.590989 0.134332
134.895996 46.420704 6.656337 0.133507
138.037994 46.890480 6.722137 0.132617
141.253998 47.366432 6.788379 0.131814
144.544006 47.848743 6.855084 0.130944
147.910995 48.337521 6.922232 0.130087
151.356003 48.832756 6.989831 0.129246
154.882004 49.334736 7.057874 0.128353
158.488998 49.843460 7.126369 0.127482
162.181000 50.358929 7.195316 0.126635
165.959000 50.881428 7.264706 0.125716
169.824005 51.411057 7.334537 0.124871
173.779999 51.947803 7.404821 0.123967
177.828003 52.491776 7.475547 0.123062
181.970001 53.043251 7.546716 0.122183
186.209000 53.602325 7.618326 0.121284
190.546005 54.168907 7.690379 0.120361
194.983994 54.743370 7.762874 0.119437
199.526001 55.325718 7.835800 0.118531
204.173996 55.916050 7.909168 0.117626
208.929993 56.514549 7.982958 0.116629
213.796005 57.121315 8.057189 0.115762
218.776001 57.736534 8.131852 0.114814
223.871994 58.360306 8.206947 0.113886
229.087006 58.992813 8.282474 0.112978
234.423004 59.634159 8.358410 0.112043
239.882996 60.284431 8.434778 0.111074
245.470993 60.943924 8.511568 0.110185
251.188995 61.612629 8.588778 0.109204
257.040009 62.290737 8.666411 0.108218
263.027008 62.978539 8.744443 0.107341
269.153015 63.676025 8.822895 0.106388
275.423004 64.383499 8.901748 0.105436
281.838013 65.100937 8.981010 0.104485
288.403015 65.828735 9.060684 0.103536
295.121002 66.566879 9.140747 0.102562
301.994995 67.315575 9.221210 0.101621
309.029999 68.075096 9.302063 0.100673
316.227997 68.845551 9.383316 0.099684
323.593994 69.627121 9.464948 0.098743
331.131012 70.420082 9.546968 0.097740
338.843994 71.224541 9.629368 0.096833
346.737000 72.040588 9.712137 0.095904
354.812988 72.868706 9.795284 0.094946
363.078003 73.708794 9.878800 0.093953
371.535004 74.561325 9.962685 0.092987
380.188995 75.426300 10.046926 0.092007
389.045013 76.304001 10.131527 0.091088
398.106995 77.194717 10.216474 0.090088
407.380005 78.098640 10.301768 0.089220
416.868988 79.015869 10.387410 0.088206
426.579987 79.946869 10.473390 0.087281
436.515991 80.891647 10.559685 0.086314
446.683990 81.850578 10.646317 0.085374
457.088013 82.823944 10.733369 0.084409
467.734985 83.811852 10.820632 0.083462
478.630005 84.814674 10.908210 0.082470
489.778992 85.832596 10.996105 0.081571
501.187012 86.865906 11.084315 0.080606
512.861023 87.914902 11.172842 0.079659
524.807007 88.979950 11.261684 0.078786
537.031982 90.061142 11.350738 0.077788
549.541016 91.158867 11.440105 0.076879
562.341003 92.273407 11.529685 0.075935
575.440002 93.405045 11.619684 0.075050
588.843994 94.554070 11.709789 0.074063
602.559998 95.721054 11.800211 0.073121
616.594971 96.905701 11.890947 0.072281
630.956970 98.109352 11.981894 0.071315
645.653992 99.331047 12.073053 0.070415
660.692993 100.571747 12.164421 0.069532
676.083008 101.832397 12.256000 0.068615
691.830994 103.112053 12.347895 0.067704
707.945984 104.412598 12.439895 0.066801
724.435974 105.733093 12.532105 0.065938
741.309998 107.074501 12.624527 0.065041
758.578003 108.437744 12.717157 0.064138
776.247009 109.821899 12.810000 0.063246
794.328003 111.227898 12.902947 0.062347
812.830994 112.656700 12.996105 0.061481
831.763977 114.108299 13.089369 0.060573
851.138000 115.583649 13.182842 0.059757
870.963989 117.081802 13.276422 0.058913
891.250977 118.604652 13.370106 0.058017
912.010986 120.152199 13.464000 0.057174
933.254028 121.724449 13.557895 0.056341
954.992981 123.322357 13.652000 0.055487
977.237000 124.945900 13.746105 0.054638
1000.000000 126.596054 13.840422 0.053819
1023.289978 128.273743 13.934737 0.053021
1047.130005 129.978058 14.029052 0.052197
1071.520020 131.710861 14.123579 0.051391
1096.479980 133.472137 14.218105 0.050578
1122.020020 135.262909 14.312632 0.049793
1148.150024 137.082153 14.407264 0.048905
1174.900024 138.932739 14.501789 0.048182
1202.260010 140.813751 14.596526 0.047417
1230.270020 142.726105 14.691158 0.046606
1258.930054 144.670746 14.785789 0.045862
1288.250000 146.647705 14.880422 0.045107
1318.260010 148.657898 14.974948 0.044319
1348.959961 150.701340 15.069579 0.043638
1380.380005 152.779953 15.164105 0.042834
1412.540039 154.893707 15.258526 0.042070
1445.439941 157.043549 15.352948 0.041313
1479.109985 159.229507 15.447263 0.040655
1513.560059 161.453461 15.541473 0.039912
1548.819946 163.714447 15.635684 0.039234
1584.890015 166.015350 15.729684 0.038493
1621.810059 168.355209 15.823579 0.037799
1659.589966 170.735901 15.917369 0.037146
1698.239990 173.157440 16.011053 0.036444
1737.800049 175.620804 16.104527 0.035739
