Pressure (Mbar) | Density (g cm^-3) | dP/dRho (Mbar g^-1 cm^3) | d^2P/dRho^2 (Mbar g^-2 cm^6) 

1e-05 8.26905 0.199546 0.095803
1.02329e-05 8.26905 0.199546 0.095807
1.04713e-05 8.26905 0.199546 0.095807
1.07152e-05 8.26905 0.199546 0.0957989
1.09648e-05 8.26905 0.199546 0.0958029
1.12202e-05 8.26906 0.199546 0.0958029
1.14815e-05 8.26906 0.199546 0.0958029
1.1749e-05 8.26906 0.199546 0.0958028
1.20226e-05 8.26906 0.199547 0.0958028
1.23027e-05 8.26906 0.199547 0.0957988
1.25893e-05 8.26906 0.199547 0.0958028
1.28825e-05 8.26906 0.199547 0.0957987
1.31826e-05 8.26907 0.199547 0.0958027
1.34896e-05 8.26907 0.199547 0.0958027
1.38038e-05 8.26907 0.199547 0.0957946
1.41254e-05 8.26907 0.199548 0.0958107
1.44544e-05 8.26907 0.199548 0.0958026
1.47911e-05 8.26907 0.199548 0.0957986
1.51356e-05 8.26908 0.199548 0.0958025
1.54882e-05 8.26908 0.199548 0.0958025
1.58489e-05 8.26908 0.199548 0.0958025
1.62181e-05 8.26908 0.199549 0.0958024
1.65959e-05 8.26908 0.199549 0.0958024
1.69824e-05 8.26909 0.199549 0.0958024
1.7378e-05 8.26909 0.199549 0.0958023
1.77828e-05 8.26909 0.199549 0.0958063
1.8197e-05 8.26909 0.19955 0.0958063
1.86209e-05 8.26909 0.19955 0.0957982
1.90546e-05 8.2691 0.19955 0.0957942
1.94984e-05 8.2691 0.19955 0.0958062
1.99526e-05 8.2691 0.19955 0.0958021
2.04174e-05 8.2691 0.199551 0.0958021
2.0893e-05 8.2691 0.199551 0.095794
2.13796e-05 8.26911 0.199551 0.095806
2.18776e-05 8.26911 0.199551 0.095806
2.23872e-05 8.26911 0.199552 0.0958059
2.29087e-05 8.26911 0.199552 0.0958018
2.34423e-05 8.26912 0.199552 0.0958058
2.39883e-05 8.26912 0.199552 0.0958018
2.45471e-05 8.26912 0.199553 0.0958097
2.51189e-05 8.26913 0.199553 0.0957976
2.5704e-05 8.26913 0.199553 0.0957976
2.63027e-05 8.26913 0.199553 0.0957975
2.69153e-05 8.26913 0.199554 0.0958055
2.75423e-05 8.26914 0.199554 0.0958014
2.81838e-05 8.26914 0.199554 0.0958054
2.88403e-05 8.26914 0.199555 0.0958053
2.95121e-05 8.26915 0.199555 0.0958013
3.01995e-05 8.26915 0.199555 0.0958052
3.0903e-05 8.26915 0.199556 0.0957971
3.16228e-05 8.26916 0.199556 0.0958051
3.23594e-05 8.26916 0.199556 0.095801
3.31131e-05 8.26917 0.199557 0.095805
3.38844e-05 8.26917 0.199557 0.0958049
3.46737e-05 8.26917 0.199557 0.0958088
3.54813e-05 8.26918 0.199558 0.0958007
3.63078e-05 8.26918 0.199558 0.0958047
3.71535e-05 8.26919 0.199559 0.0958046
3.80189e-05 8.26919 0.199559 0.0958005
3.89045e-05 8.26919 0.19956 0.0958004
3.98107e-05 8.2692 0.19956 0.0958044
4.0738e-05 8.2692 0.19956 0.0958043
4.16869e-05 8.26921 0.199561 0.0957961
4.2658e-05 8.26921 0.199561 0.0958041
4.36516e-05 8.26922 0.199562 0.095804
4.46684e-05 8.26922 0.199562 0.0958039
4.57088e-05 8.26923 0.199563 0.0958119
4.67735e-05 8.26923 0.199563 0.0958077
4.7863e-05 8.26924 0.199564 0.0958036
4.89779e-05 8.26925 0.199564 0.0958035
5.01187e-05 8.26925 0.199565 0.0957994
5.12861e-05 8.26926 0.199565 0.0958073
5.24807e-05 8.26926 0.199566 0.0958113
5.37032e-05 8.26927 0.199567 0.0957991
5.49541e-05 8.26928 0.199567 0.095811
5.62341e-05 8.26928 0.199568 0.0957989
5.7544e-05 8.26929 0.199568 0.0958028
5.88844e-05 8.2693 0.199569 0.0958067
6.0256e-05 8.2693 0.19957 0.0958065
6.16595e-05 8.26931 0.19957 0.0958104
6.30957e-05 8.26932 0.199571 0.0958023
6.45654e-05 8.26932 0.199572 0.0958062
6.60693e-05 8.26933 0.199573 0.09581
6.76083e-05 8.26934 0.199573 0.0958099
6.91831e-05 8.26935 0.199574 0.0958017
7.07946e-05 8.26935 0.199575 0.0958056
7.24436e-05 8.26936 0.199576 0.0958095
7.4131e-05 8.26937 0.199576 0.0958093
7.58578e-05 8.26938 0.199577 0.0958051
7.76247e-05 8.26939 0.199578 0.095805
7.94328e-05 8.2694 0.199579 0.0958088
8.12831e-05 8.26941 0.19958 0.0958087
8.31764e-05 8.26942 0.199581 0.0958045
8.51138e-05 8.26943 0.199582 0.0958043
8.70964e-05 8.26944 0.199583 0.0958162
8.91251e-05 8.26945 0.199584 0.095812
9.12011e-05 8.26946 0.199585 0.0958038
9.33254e-05 8.26947 0.199586 0.0958116
9.54993e-05 8.26948 0.199587 0.0958114
9.77237e-05 8.26949 0.199588 0.0958072
0.0001 8.2695 0.199589 0.095811
0.000102329 8.26951 0.19959 0.0958108
0.000104713 8.26952 0.199591 0.0958146
0.000107152 8.26954 0.199592 0.0958104
0.000109648 8.26955 0.199593 0.0958182
0.000112202 8.26956 0.199595 0.095818
0.000114815 8.26958 0.199596 0.0958097
0.00011749 8.26959 0.199597 0.0958054
0.000120226 8.2696 0.199599 0.0958132
0.000123027 8.26962 0.1996 0.095809
0.000125893 8.26963 0.199601 0.0958127
0.000128825 8.26965 0.199603 0.0958165
0.000131826 8.26966 0.199604 0.0958082
0.000134896 8.26968 0.199606 0.0958119
0.000138038 8.26969 0.199607 0.0958157
0.000141254 8.26971 0.199609 0.0958194
0.000144544 8.26972 0.19961 0.0958111
0.000147911 8.26974 0.199612 0.0958148
0.000151356 8.26976 0.199614 0.0958185
0.000154882 8.26978 0.199615 0.0958061
0.000158489 8.26979 0.199617 0.0958138
0.000162181 8.26981 0.199619 0.0958135
0.000165959 8.26983 0.199621 0.0958172
0.000169824 8.26985 0.199622 0.0958128
0.00017378 8.26987 0.199624 0.0958125
0.000177828 8.26989 0.199626 0.0958161
0.00018197 8.26991 0.199628 0.0958238
0.000186209 8.26993 0.19963 0.0958194
0.000190546 8.26995 0.199632 0.095823
0.000194984 8.26998 0.199634 0.0958146
0.000199526 8.27 0.199637 0.0958222
0.000204174 8.27002 0.199639 0.0958178
0.00020893 8.27005 0.199641 0.0958173
0.000213796 8.27007 0.199643 0.0958249
0.000218776 8.2701 0.199646 0.0958245
0.000223872 8.27012 0.199648 0.095824
0.000229087 8.27015 0.199651 0.0958236
0.000234423 8.27017 0.199653 0.0958191
0.000239883 8.2702 0.199656 0.0958186
0.000245471 8.27023 0.199659 0.0958221
0.000251189 8.27026 0.199661 0.0958256
0.00025704 8.27029 0.199664 0.0958251
0.000263027 8.27032 0.199667 0.0958246
0.000269153 8.27035 0.19967 0.095828
0.000275423 8.27038 0.199673 0.0958194
0.000281838 8.27041 0.199676 0.0958269
0.000288403 8.27044 0.199679 0.0958263
0.000295121 8.27048 0.199683 0.0958217
0.000301995 8.27051 0.199686 0.0958291
0.00030903 8.27055 0.199689 0.0958204
0.000316228 8.27058 0.199693 0.0958278
0.000323594 8.27062 0.199696 0.0958232
0.000331131 8.27066 0.1997 0.0958265
0.000338844 8.2707 0.199703 0.0958298
0.000346737 8.27074 0.199707 0.0958251
0.000354813 8.27078 0.199711 0.0958324
0.000363078 8.27082 0.199715 0.0958277
0.000371535 8.27086 0.199719 0.0958349
0.000380189 8.2709 0.199723 0.0958342
0.000389045 8.27095 0.199728 0.0958374
0.000398107 8.27099 0.199732 0.0958366
0.00040738 8.27104 0.199736 0.0958358
0.000416869 8.27109 0.199741 0.0958389
0.00042658 8.27114 0.199746 0.0958381
0.000436516 8.27119 0.19975 0.0958372
0.000446684 8.27124 0.199755 0.0958363
0.000457088 8.27129 0.19976 0.0958393
0.000467735 8.27134 0.199765 0.0958464
0.00047863 8.2714 0.199771 0.0958374
0.000489779 8.27145 0.199776 0.0958485
0.000501187 8.27151 0.199781 0.0958434
0.000512861 8.27157 0.199787 0.0958384
0.000524807 8.27163 0.199793 0.0958534
0.000537032 8.27169 0.199799 0.0958523
0.000549541 8.27175 0.199805 0.0958431
0.000562341 8.27182 0.199811 0.095854
0.00057544 8.27188 0.199817 0.0958488
0.000588844 8.27195 0.199823 0.0958476
0.00060256 8.27202 0.19983 0.0958545
0.000616595 8.27209 0.199837 0.0958612
0.000630957 8.27216 0.199844 0.0958559
0.000645654 8.27223 0.199851 0.0958546
0.000660693 8.27231 0.199858 0.0958573
0.000676083 8.27239 0.199865 0.0958639
0.000691831 8.27246 0.199873 0.0958585
0.000707946 8.27254 0.199881 0.0958651
0.000724436 8.27263 0.199888 0.0958677
0.00074131 8.27271 0.199897 0.0958662
0.000758578 8.2728 0.199905 0.0958686
0.000776247 8.27289 0.199913 0.0958711
0.000794328 8.27298 0.199922 0.0958654
0.000812831 8.27307 0.199931 0.0958718
0.000831764 8.27316 0.19994 0.0958701
0.000851138 8.27326 0.199949 0.0958724
0.000870964 8.27336 0.199959 0.0958706
0.000891251 8.27346 0.199968 0.0958728
0.000912011 8.27357 0.199978 0.095875
0.000933254 8.27367 0.199989 0.0958811
0.000954993 8.27378 0.199999 0.0958832
0.000977237 8.27389 0.20001 0.0958852
0.001 8.27401 0.200021 0.0958872
0.00102329 8.27412 0.200032 0.0958932
0.00104713 8.27424 0.200043 0.095895
0.00107152 8.27436 0.200055 0.0958969
0.00109648 8.27449 0.200067 0.0958987
0.00112202 8.27462 0.200079 0.0958964
0.00114815 8.27475 0.200092 0.0959021
0.0011749 8.27488 0.200104 0.0958957
0.00120226 8.27502 0.200118 0.0959013
0.00123027 8.27516 0.200131 0.0959068
0.00125893 8.2753 0.200145 0.0959083
0.00128825 8.27545 0.200159 0.0959097
0.00131826 8.2756 0.200173 0.095923
0.00134896 8.27575 0.200188 0.0959163
0.00138038 8.27591 0.200203 0.0959135
0.00141254 8.27607 0.200218 0.0959267
0.00144544 8.27623 0.200234 0.0959277
0.00147911 8.2764 0.20025 0.0959368
0.00151356 8.27657 0.200267 0.0959297
0.00154882 8.27675 0.200284 0.0959346
0.00158489 8.27693 0.200301 0.0959394
0.00162181 8.27711 0.200319 0.0959361
0.00165959 8.2773 0.200337 0.0959488
0.00169824 8.27749 0.200355 0.0959493
0.0017378 8.27769 0.200374 0.0959498
0.00177828 8.27789 0.200393 0.0959542
0.0018197 8.2781 0.200413 0.0959586
0.00186209 8.27831 0.200434 0.0959588
0.00190546 8.27853 0.200454 0.095967
0.00194984 8.27875 0.200476 0.095971
0.00199526 8.27898 0.200497 0.095975
0.00204174 8.27921 0.20052 0.0959749
0.0020893 8.27944 0.200542 0.0959827
0.00213796 8.27969 0.200566 0.0959944
0.00218776 8.27994 0.20059 0.095994
0.00223872 8.28019 0.200614 0.0959934
0.00229087 8.28045 0.200639 0.0960008
0.00234423 8.28072 0.200664 0.0960041
0.00239883 8.28099 0.20069 0.0960072
0.00245471 8.28127 0.200717 0.0960143
0.00251189 8.28155 0.200745 0.0960172
0.0025704 8.28184 0.200773 0.0960321
0.00263027 8.28214 0.200801 0.0960347
0.00269153 8.28245 0.20083 0.0960413
0.00275423 8.28276 0.20086 0.0960398
0.00281838 8.28308 0.200891 0.0960461
0.00288403 8.2834 0.200923 0.0960483
0.00295121 8.28374 0.200955 0.0960543
0.00301995 8.28408 0.200988 0.0960642
0.0030903 8.28443 0.201021 0.096074
0.00316228 8.28479 0.201056 0.0960716
0.00323594 8.28515 0.201091 0.0960811
0.00331131 8.28553 0.201127 0.0960864
0.00338844 8.28591 0.201164 0.0960916
0.00346737 8.2863 0.201201 0.0961086
0.00354813 8.28671 0.20124 0.0961094
0.00363078 8.28712 0.201279 0.0961181
0.00371535 8.28754 0.20132 0.0961306
0.00380189 8.28797 0.201361 0.096139
0.00389045 8.28841 0.201403 0.0961351
0.00398107 8.28886 0.201447 0.0961431
0.0040738 8.28932 0.201491 0.0961629
0.00416869 8.28979 0.201536 0.0961665
0.0042658 8.29027 0.201582 0.0961779
0.00436516 8.29076 0.20163 0.0961771
0.00446684 8.29127 0.201678 0.0961921
0.00457088 8.29178 0.201728 0.0961989
0.00467735 8.29231 0.201779 0.0962054
0.0047863 8.29285 0.201831 0.0962238
0.00489779 8.2934 0.201884 0.0962259
0.00501187 8.29397 0.201938 0.0962398
0.00512861 8.29455 0.201994 0.0962495
0.00524807 8.29514 0.202051 0.0962629
0.00537032 8.29574 0.202109 0.0962681
0.00549541 8.29636 0.202169 0.096277
0.00562341 8.29699 0.202229 0.0962897
0.0057544 8.29764 0.202292 0.0963021
0.00588844 8.2983 0.202356 0.0963182
0.0060256 8.29898 0.202421 0.0963301
0.00616595 8.29967 0.202488 0.0963377
0.00630957 8.30038 0.202556 0.0963449
0.00645654 8.30111 0.202626 0.096356
0.00660693 8.30185 0.202697 0.0963787
0.00676083 8.30261 0.202771 0.096389
0.00691831 8.30339 0.202845 0.0963991
0.00707946 8.30418 0.202922 0.0964209
0.00724436 8.30499 0.203 0.0964303
0.0074131 8.30582 0.203081 0.0964474
0.00758578 8.30667 0.203163 0.0964641
0.00776247 8.30754 0.203246 0.0964764
0.00794328 8.30843 0.203332 0.0964805
0.00812831 8.30934 0.20342 0.0965041
0.00831764 8.31027 0.20351 0.0965313
0.00851138 8.31123 0.203602 0.0965422
0.00870964 8.3122 0.203696 0.0965527
0.00891251 8.3132 0.203792 0.0965748
0.00912011 8.31421 0.20389 0.0966004
0.00933254 8.31526 0.203991 0.0966097
0.00954993 8.31632 0.204094 0.0966264
0.00977237 8.31741 0.204199 0.0966468
0.01 8.31852 0.204307 0.0966746
0.0102329 8.31966 0.204417 0.0966821
0.0104713 8.32083 0.20453 0.096705
0.0107152 8.32202 0.204645 0.0967275
0.0109648 8.32324 0.204763 0.0967494
0.0112202 8.32449 0.204884 0.0967669
0.0114815 8.32576 0.205007 0.0967918
0.011749 8.32707 0.205133 0.0968161
0.0120226 8.3284 0.205262 0.096836
0.0123027 8.32977 0.205395 0.0968673
0.0125893 8.33116 0.20553 0.09689
0.0128825 8.33259 0.205668 0.0969121
0.0131826 8.33405 0.205809 0.0969416
0.0134896 8.33554 0.205954 0.0969625
0.0138038 8.33706 0.206102 0.0969868
0.0141254 8.33862 0.206253 0.0970224
0.0144544 8.34022 0.206408 0.0970454
0.0147911 8.34185 0.206566 0.0970756
0.0151356 8.34351 0.206728 0.0971092
0.0154882 8.34522 0.206893 0.0971342
0.0158489 8.34696 0.207063 0.0971664
0.0162181 8.34874 0.207236 0.0971899
0.0165959 8.35057 0.207413 0.0972246
0.0169824 8.35243 0.207594 0.0972545
0.017378 8.35433 0.207779 0.0972916
0.0177828 8.35628 0.207969 0.0973319
0.018197 8.35827 0.208163 0.0973674
0.0186209 8.36031 0.208361 0.0973941
0.0190546 8.36239 0.208564 0.0974359
0.0194984 8.36451 0.208771 0.0974767
0.0199526 8.36669 0.208983 0.0975088
0.0204174 8.36891 0.2092 0.0975478
0.020893 8.37118 0.209421 0.0975899
0.0213796 8.37351 0.209648 0.0976271
0.0218776 8.37588 0.20988 0.0976753
0.0223872 8.37831 0.210117 0.0977184
0.0229087 8.38079 0.210359 0.0977606
0.0234423 8.38332 0.210607 0.0978017
0.0239883 8.38591 0.210861 0.0978378
0.0245471 8.38856 0.21112 0.0978925
0.0251189 8.39127 0.211385 0.0979383
0.025704 8.39403 0.211656 0.097979
0.0263027 8.39686 0.211933 0.0980422
0.0269153 8.39975 0.212216 0.0980884
0.0275423 8.4027 0.212506 0.0981375
0.0281838 8.40572 0.212802 0.0981891
0.0288403 8.4088 0.213105 0.0982513
0.0295121 8.41195 0.213414 0.0982965
0.0301995 8.41517 0.213731 0.0983523
0.030903 8.41846 0.214055 0.0984183
0.0316228 8.42182 0.214385 0.0984713
0.0323594 8.42525 0.214723 0.0985385
0.0331131 8.42876 0.215069 0.0985966
0.0338844 8.43234 0.215423 0.0986647
0.0346737 8.436 0.215784 0.0987277
0.0354813 8.43974 0.216153 0.098785
0.0363078 8.44356 0.216531 0.0988527
0.0371535 8.44747 0.216917 0.0989226
0.0380189 8.45145 0.217311 0.0989947
0.0389045 8.45552 0.217714 0.0990654
0.0398107 8.45968 0.218126 0.0991342
0.040738 8.46393 0.218548 0.0992091
0.0416869 8.46827 0.218978 0.099286
0.042658 8.4727 0.219418 0.0993651
0.0436516 8.47722 0.219868 0.0994348
0.0446684 8.48184 0.220327 0.0995217
0.0457088 8.48656 0.220797 0.0996028
0.0467735 8.49137 0.221277 0.0996937
0.047863 8.49629 0.221768 0.0997749
0.0489779 8.50131 0.222269 0.0998655
0.0501187 8.50644 0.222781 0.0999504
0.0512861 8.51168 0.223304 0.100052
0.0524807 8.51702 0.223839 0.100136
0.0537032 8.52247 0.224386 0.100242
0.0549541 8.52804 0.224944 0.100333
0.0562341 8.53372 0.225515 0.100441
0.057544 8.53953 0.226097 0.100532
0.0588844 8.54545 0.226693 0.100635
0.060256 8.55149 0.227301 0.100744
0.0616595 8.55765 0.227923 0.100854
0.0630957 8.56395 0.228558 0.100962
0.0645654 8.57037 0.229207 0.101074
0.0660693 8.57692 0.229869 0.101187
0.0676083 8.58361 0.230546 0.101302
0.0691831 8.59043 0.231237 0.101429
0.0707946 8.59738 0.231944 0.10155
0.0724436 8.60448 0.232665 0.101671
0.074131 8.61172 0.233402 0.101793
0.0758578 8.61911 0.234154 0.101935
0.0776247 8.62664 0.234922 0.102059
0.0794328 8.63433 0.235707 0.102202
0.0812831 8.64216 0.236508 0.102327
0.0831764 8.65016 0.237327 0.102472
0.0851138 8.6583 0.238162 0.102616
0.0870964 8.66661 0.239016 0.102758
0.0891251 8.67509 0.239887 0.102911
0.0912011 8.68372 0.240777 0.10306
0.0933254 8.69253 0.241685 0.103217
0.0954993 8.70151 0.242612 0.103374
0.0977237 8.71066 0.243559 0.103528
0.1 8.71999 0.244525 0.103696
0.102329 8.72949 0.245512 0.103864
0.104713 8.73918 0.246519 0.104032
0.107152 8.74906 0.247547 0.104203
0.109648 8.75912 0.248596 0.104381
0.112202 8.76937 0.249667 0.104555
0.114815 8.77981 0.25076 0.104736
0.11749 8.79046 0.251876 0.104934
0.120226 8.8013 0.253014 0.105114
0.123027 8.81234 0.254176 0.10531
0.125893 8.82359 0.255362 0.10551
0.128825 8.83504 0.256572 0.105716
0.131826 8.84671 0.257807 0.105917
0.134896 8.85859 0.259066 0.106128
0.138038 8.87069 0.260352 0.106333
0.141254 8.88301 0.261663 0.106559
0.144544 8.89555 0.263001 0.106773
0.147911 8.90832 0.264365 0.106992
0.151356 8.92132 0.265758 0.107224
0.154882 8.93455 0.267178 0.107455
0.158489 8.94802 0.268627 0.10769
0.162181 8.96172 0.270104 0.107937
0.165959 8.97567 0.271611 0.108179
0.169824 8.98986 0.273148 0.108433
0.17378 9.0043 0.274716 0.108683
0.177828 9.01899 0.276314 0.108936
0.18197 9.03394 0.277945 0.109201
0.186209 9.04914 0.279607 0.109465
0.190546 9.06461 0.281302 0.109745
0.194984 9.08034 0.283031 0.110017
0.199526 9.09634 0.284793 0.110297
0.204174 9.1126 0.286589 0.110585
0.20893 9.12915 0.288421 0.110866
0.213796 9.14597 0.290288 0.111174
0.218776 9.16306 0.292192 0.111465
0.223872 9.18045 0.294132 0.111773
0.229087 9.19812 0.29611 0.112091
0.234423 9.21608 0.298126 0.112404
0.239883 9.23433 0.30018 0.112717
0.245471 9.25288 0.302274 0.11305
0.251189 9.27173 0.304408 0.113371
0.25704 9.29088 0.306583 0.113715
0.263027 9.31034 0.308799 0.114055
0.269153 9.33011 0.311057 0.114395
0.275423 9.35019 0.313358 0.114755
0.281838 9.37059 0.315702 0.115116
0.288403 9.3913 0.318091 0.115482
0.295121 9.41234 0.320524 0.115846
0.301995 9.4337 0.323003 0.11623
0.30903 9.4554 0.325529 0.116609
0.316228 9.47742 0.328101 0.116994
0.323594 9.49978 0.330722 0.117391
0.331131 9.52248 0.333391 0.117784
0.338844 9.54552 0.336109 0.118193
0.346737 9.56891 0.338878 0.118606
0.354813 9.59265 0.341698 0.119019
0.363078 9.61673 0.34457 0.119447
0.371535 9.64117 0.347495 0.119871
0.380189 9.66597 0.350473 0.12031
0.389045 9.69113 0.353505 0.120755
0.398107 9.71665 0.356593 0.12121
0.40738 9.74254 0.359737 0.121662
0.416869 9.7688 0.362938 0.122124
0.42658 9.79544 0.366197 0.12259
0.436516 9.82245 0.369515 0.123066
0.446684 9.84984 0.372893 0.123553
0.457088 9.87762 0.376331 0.124044
0.467735 9.90578 0.379831 0.124541
0.47863 9.93433 0.383394 0.125037
0.489779 9.96327 0.38702 0.125549
0.501187 9.99261 0.390711 0.126066
0.512861 10.0223 0.394468 0.126594
0.524807 10.0525 0.398291 0.127112
0.537032 10.083 0.402182 0.127658
0.549541 10.114 0.406141 0.128207
0.562341 10.1453 0.410171 0.128764
0.57544 10.1771 0.414271 0.129318
0.588844 10.2093 0.418444 0.129892
0.60256 10.2419 0.422689 0.130466
0.616595 10.275 0.427009 0.131046
0.630957 10.3084 0.431404 0.131644
0.645654 10.3423 0.435875 0.132238
0.660693 10.3766 0.440425 0.132846
0.676083 10.4114 0.445053 0.133453
0.691831 10.4466 0.449762 0.134089
0.707946 10.4822 0.454551 0.134712
0.724436 10.5183 0.459424 0.135345
0.74131 10.5549 0.46438 0.135998
0.758578 10.5918 0.469421 0.136648
0.776247 10.6293 0.474549 0.13731
0.794328 10.6672 0.479765 0.137977
0.812831 10.7055 0.48507 0.138649
0.831764 10.7443 0.490465 0.139336
0.851138 10.7836 0.495953 0.140035
0.870964 10.8234 0.501533 0.140742
0.891251 10.8636 0.507208 0.141437
0.912011 10.9043 0.51298 0.142174
0.933254 10.9455 0.518849 0.142896
0.954993 10.9871 0.524817 0.143639
0.977237 11.0293 0.530886 0.144378
1 11.0719 0.537057 0.145134
1.02329 11.115 0.543332 0.145898
1.04713 11.1586 0.549712 0.146671
1.07152 11.2027 0.556199 0.147461
1.09648 11.2473 0.562794 0.148247
1.12202 11.2925 0.5695 0.149049
1.14815 11.3381 0.576318 0.149851
1.1749 11.3842 0.583249 0.150675
1.20226 11.4308 0.590295 0.151493
1.23027 11.478 0.597459 0.152329
1.25893 11.5257 0.604742 0.153178
1.28825 11.5739 0.612145 0.154034
1.31826 11.6226 0.61967 0.154897
1.34896 11.6718 0.62732 0.155777
1.38038 11.7216 0.635097 0.156653
1.41254 11.7719 0.643001 0.157554
1.44544 11.8228 0.651036 0.15845
1.47911 11.8742 0.659203 0.159357
1.51356 11.9261 0.667504 0.160291
1.54882 11.9786 0.675941 0.161219
1.58489 12.0316 0.684516 0.162155
1.62181 12.0852 0.693232 0.163109
1.65959 12.1394 0.70209 0.16408
1.69824 12.1941 0.711093 0.165046
1.7378 12.2494 0.720243 0.166026
1.77828 12.3052 0.729542 0.16703
1.8197 12.3616 0.738992 0.16803
1.86209 12.4186 0.748597 0.169031
1.90546 12.4762 0.758357 0.170068
1.94984 12.5343 0.768276 0.171096
1.99526 12.593 0.778355 0.172148
2.04174 12.6524 0.788598 0.173207
2.0893 12.7123 0.799007 0.174269
2.13796 12.7728 0.809584 0.175344
2.18776 12.8339 0.820332 0.176439
2.23872 12.8956 0.831254 0.177537
2.29087 12.9579 0.842352 0.178641
2.34423 13.0209 0.853628 0.179757
2.39883 13.0844 0.865086 0.180896
2.45471 13.1486 0.876729 0.182046
2.51189 13.2133 0.888559 0.183203
2.5704 13.2787 0.900579 0.18435
2.63027 13.3448 0.912792 0.185544
2.69153 13.4114 0.925201 0.186728
2.75423 13.4787 0.937809 0.187928
2.81838 13.5467 0.95062 0.189146
2.88403 13.6153 0.963635 0.190359
2.95121 13.6845 0.976858 0.191612
3.01995 13.7544 0.990293 0.192852
3.0903 13.825 1.00394 0.194104
3.16228 13.8962 1.01781 0.19538
3.23594 13.968 1.0319 0.196662
3.31131 14.0406 1.04621 0.19796
3.38844 14.1138 1.06075 0.19928
3.46737 14.1877 1.07553 0.200582
3.54813 14.2623 1.09054 0.201925
3.63078 14.3375 1.10579 0.203271
3.71535 14.4135 1.12128 0.204632
3.80189 14.4901 1.13701 0.205995
3.89045 14.5675 1.153 0.207388
3.98107 14.6455 1.16924 0.208789
4.0738 14.7243 1.18574 0.210197
4.16869 14.8037 1.2025 0.211614
4.2658 14.8839 1.21952 0.213053
4.36516 14.9648 1.23682 0.214506
4.46684 15.0464 1.25439 0.215953
4.57088 15.1288 1.27224 0.21744
4.67735 15.2119 1.29037 0.218943
4.7863 15.2957 1.30878 0.220443
4.89779 15.3803 1.32749 0.22195
5.01187 15.4656 1.3465 0.223496
5.12861 15.5517 1.3658 0.225032
5.24807 15.6386 1.38541 0.226592
5.37032 15.7262 1.40533 0.228158
5.49541 15.8146 1.42556 0.229742
5.62341 15.9037 1.44612 0.231346
5.7544 15.9936 1.46699 0.232965
5.88844 16.0843 1.4882 0.234587
6.0256 16.1759 1.50974 0.236235
6.16595 16.2681 1.53162 0.237899
6.30957 16.3612 1.55385 0.239571
6.45654 16.4551 1.57642 0.241241
6.60693 16.5499 1.59935 0.242948
6.76083 16.6454 1.62264 0.244682
6.91831 16.7417 1.6463 0.246419
7.07946 16.8389 1.67033 0.24814
7.24436 16.9369 1.69474 0.249909
7.4131 17.0358 1.71953 0.251689
7.58578 17.1355 1.74471 0.253513
7.76247 17.236 1.77029 0.255293
7.94328 17.3374 1.79627 0.257122
8.12831 17.4396 1.82265 0.258976
8.31764 17.5428 1.84946 0.260833
8.51138 17.6468 1.87668 0.262718
8.70964 17.7516 1.90433 0.264588
8.91251 17.8574 1.93241 0.266498
9.12011 17.964 1.96093 0.268416
9.33254 18.0716 1.9899 0.27036
9.54993 18.18 2.01933 0.272334
9.77237 18.2894 2.04921 0.274294
10 18.3996 2.07957 0.276276
10.2329 18.5108 2.1104 0.278294
10.4713 18.6229 2.14171 0.280303
10.7152 18.736 2.17351 0.282356
10.9648 18.85 2.20582 0.284411
11.2202 18.9649 2.23862 0.286478
11.4815 19.0808 2.27195 0.288576
11.749 19.1976 2.30579 0.29069
12.0226 19.3154 2.34016 0.29282
12.3027 19.4342 2.37507 0.294964
12.5893 19.554 2.41053 0.297131
12.8825 19.6747 2.44654 0.299314
13.1826 19.7965 2.48311 0.301524
13.4896 19.9192 2.52026 0.303739
13.8038 20.043 2.55798 0.30599
14.1254 20.1677 2.5963 0.308231
14.4544 20.2935 2.63521 0.310524
14.7911 20.4203 2.67474 0.312798
15.1356 20.5482 2.71488 0.315136
15.4882 20.6771 2.75565 0.317463
15.8489 20.807 2.79705 0.319826
16.2181 20.938 2.83911 0.322176
16.5959 21.0701 2.88181 0.324569
16.9824 21.2032 2.92519 0.32699
17.378 21.3374 2.96924 0.329435
17.7828 21.4728 3.01398 0.331859
18.197 21.6092 3.05942 0.334362
18.6209 21.7467 3.10557 0.336874
19.0546 21.8853 3.15244 0.339381
19.4984 22.025 3.20004 0.341899
19.9526 22.1659 3.24839 0.344474
20.4174 22.3079 3.29748 0.347044
20.893 22.451 3.34735 0.349649
21.3796 22.5953 3.39799 0.352258
21.8776 22.7408 3.44942 0.354904
22.3872 22.8874 3.50165 0.357561
22.9087 23.0352 3.5547 0.36025
23.4423 23.1842 3.60858 0.36299
23.9883 23.3344 3.66329 0.365673
24.5471 23.4858 3.71886 0.368447
25.1189 23.6384 3.7753 0.371234
25.704 23.7922 3.83261 0.374039
26.3027 23.9472 3.89082 0.376852
26.9153 24.1035 3.94993 0.379689
27.5423 24.261 4.00997 0.382554
28.1838 24.4198 4.07094 0.385445
28.8403 24.5799 4.13287 0.388369
29.5121 24.7412 4.19575 0.391284
30.1995 24.9038 4.25962 0.394257
30.903 25.0677 4.32448 0.397231
31.6228 25.2329 4.39035 0.400255
32.3594 25.3994 4.45725 0.403303
33.1131 25.5672 4.52519 0.406351
33.8844 25.7364 4.59419 0.409446
34.6737 25.9069 4.66427 0.412537
35.4813 26.0787 4.73543 0.415685
36.3078 26.2519 4.80771 0.418833
37.1535 26.4265 4.8811 0.422032
38.0189 26.6024 4.95565 0.425258
38.9045 26.7798 5.03135 0.428474
39.8107 26.9585 5.10823 0.431745
40.738 27.1387 5.18631 0.435022
41.6869 27.3203 5.2656 0.438358
42.658 27.5033 5.34613 0.441681
43.6516 27.6877 5.42791 0.445063
44.6684 27.8737 5.51096 0.448471
45.7088 28.061 5.59531 0.451889
46.7735 28.2499 5.68097 0.45537
47.863 28.4402 5.76796 0.458809
48.9779 28.632 5.8563 0.462327
50.1187 28.8253 5.94603 0.465863
51.2861 29.0202 6.03714 0.469411
52.4807 29.2165 6.12968 0.473026
53.7032 29.4145 6.22365 0.47664
54.9541 29.6139 6.31909 0.480268
56.2341 29.8149 6.41601 0.483986
57.544 30.0176 6.51444 0.487655
58.8844 30.2217 6.6144 0.4914
60.256 30.4275 6.71592 0.495206
61.6595 30.6349 6.81901 0.49898
63.0957 30.8439 6.92371 0.502807
64.5654 31.0546 7.03004 0.506677
66.0693 31.2669 7.13802 0.510558
67.6083 31.4809 7.24768 0.514526
69.1831 31.6965 7.35904 0.518446
70.7946 31.9138 7.47214 0.522432
72.4436 32.1328 7.58699 0.526458
74.131 32.3535 7.70364 0.530486
75.8578 32.576 7.82209 0.53457
77.6247 32.8001 7.94239 0.538693
79.4328 33.0261 8.06456 0.542836
81.2831 33.2537 8.18863 0.546988
83.1764 33.4832 8.31463 0.55119
85.1138 33.7144 8.44259 0.555441
87.0964 33.9475 8.57253 0.559755
89.1251 34.1823 8.70449 0.564033
91.2011 34.419 8.83851 0.568426
93.3254 34.6575 8.97461 0.572776
95.4993 34.8979 9.11283 0.577255
97.7237 35.1401 9.25319 0.581692
100 35.3842 9.39574 0.586135
102.329 35.6303 9.5405 0.590678
104.713 35.8782 9.68752 0.59524
107.152 36.128 9.83682 0.59985
109.648 36.3798 9.98843 0.60447
112.202 36.6336 10.1424 0.609179
114.815 36.8893 10.2988 0.613843
117.49 37.147 10.4576 0.618577
120.226 37.4067 10.6188 0.623385
123.027 37.6684 10.7826 0.628206
125.893 37.9321 10.9489 0.633019
128.825 38.1979 11.1178 0.63795
131.826 38.4657 11.2894 0.642848
134.896 38.7356 11.4636 0.647862
138.038 39.0077 11.6405 0.652869
141.254 39.2818 11.8201 0.657938
144.544 39.558 12.0025 0.663058
147.911 39.8364 12.1878 0.668157
151.356 40.1169 12.376 0.673329
154.882 40.3996 12.5671 0.678534
158.489 40.6844 12.7611 0.68378
162.181 40.9715 12.9581 0.689084
165.959 41.2608 13.1583 0.694418
169.824 41.5524 13.3615 0.699801
173.78 41.8461 13.5679 0.705226
177.828 42.1422 13.7775 0.710679
181.97 42.4405 13.9903 0.716207
186.209 42.7412 14.2065 0.721708
190.546 43.0442 14.426 0.727331
194.984 43.3495 14.6489 0.732949
199.526 43.6571 14.8753 0.738673
204.174 43.9672 15.1052 0.74439
208.93 44.2796 15.3387 0.750131
213.796 44.5945 15.5758 0.755981
218.776 44.9117 15.8166 0.76184
223.872 45.2315 16.0611 0.767746
229.087 45.5537 16.3094 0.773752
234.423 45.8783 16.5616 0.779751
239.883 46.2055 16.8177 0.785788
245.471 46.5352 17.0778 0.791825
251.189 46.8674 17.3419 0.798028
257.04 47.2022 17.6101 0.804188
263.027 47.5396 17.8825 0.810485
269.153 47.8796 18.1591 0.816759
275.423 48.2222 18.44 0.823068
281.838 48.5675 18.7253 0.829489
288.403 48.9154 19.015 0.835934
295.121 49.2659 19.3091 0.842424
301.995 49.6192 19.6079 0.848936
309.03 49.9752 19.9113 0.855554
316.228 50.334 20.2194 0.862214
323.594 50.6955 20.5323 0.868896
331.131 51.0598 20.8501 0.875618
338.844 51.4268 21.1728 0.882455
346.737 51.7968 21.5005 0.889289
354.813 52.1695 21.8332 0.896179
363.078 52.5452 22.1712 0.903225
371.535 52.9237 22.5144 0.910227
380.189 53.3051 22.8629 0.917271
389.045 53.6895 23.2169 0.92437
398.107 54.0768 23.5763 0.931576
407.38 54.4671 23.9413 0.938859
416.869 54.8604 24.312 0.946099
426.58 55.2568 24.6885 0.953491
436.516 55.6561 25.0707 0.960914
446.684 56.0586 25.459 0.968343
457.088 56.4641 25.8532 0.975873
467.735 56.8728 26.2536 0.983451
478.63 57.2846 26.6601 0.99117
489.779 57.6996 27.073 0.998822
501.187 58.1177 27.4923 1.00664
512.861 58.5391 27.9181 1.01442
524.807 58.9637 28.3506 1.02239
537.032 59.3916 28.7897 1.03025
549.541 59.8228 29.2356 1.03829
562.341 60.2572 29.6885 1.04635
575.44 60.6951 30.1484 1.05451
588.844 61.1362 30.6154 1.06269
602.56 61.5808 31.0897 1.07097
616.595 62.0288 31.5714 1.0793
630.957 62.4802 32.0605 1.08776
645.654 62.9351 32.5572 1.09611
660.693 63.3935 33.0616 1.10474
676.083 63.8554 33.5739 1.11325
691.831 64.3209 34.0941 1.12197
707.946 64.7899 34.6223 1.1307
724.436 65.2625 35.1588 1.13946
741.31 65.7388 35.7036 1.14834
758.578 66.2187 36.2569 1.15725
776.247 66.7023 36.8187 1.1662
794.328 67.1896 37.3893 1.17538
812.831 67.6807 37.9687 1.1845
831.764 68.1755 38.5571 1.19371
851.138 68.6741 39.1546 1.20297
870.964 69.1766 39.7614 1.2123
891.251 69.6829 40.3776 1.22188
912.011 70.1931 41.0034 1.23135
933.254 70.7072 41.6389 1.24088
954.993 71.2253 42.2843 1.25052
977.237 71.7473 42.9397 1.26029
1000 72.2733 43.6052 1.2701
1023.29 72.8034 44.281 1.27998
1047.13 73.3375 44.9674 1.2899
1071.52 73.8758 45.6644 1.29998
1096.48 74.4182 46.3722 1.30996
1122.02 74.9647 47.091 1.32027
1148.15 75.5154 47.8209 1.33061
1174.9 76.0704 48.5622 1.34088
1202.26 76.6296 49.315 1.35133
1230.27 77.1931 50.0794 1.36188
1258.93 77.7609 50.8558 1.37243
1288.25 78.3331 51.6441 1.38308
1318.26 78.9097 52.4447 1.39397
1348.96 79.4907 53.2577 1.40473
1380.38 80.0761 54.0833 1.41565
1412.54 80.6661 54.9218 1.42668
1445.44 81.2606 55.7732 1.43783
1479.11 81.8596 56.6379 1.44902
1513.56 82.4632 57.5159 1.46028
1548.82 83.0715 58.4076 1.47172
1584.89 83.6844 59.3131 1.48305
1621.81 84.302 60.2327 1.49457
1659.59 84.9244 61.1665 1.50629
1698.24 85.5516 62.1148 1.51802
1737.8 86.1835 63.0779 1.52987
1778.28 86.8203 64.0558 1.54174
1819.7 87.462 65.0489 1.5536
1862.09 88.1086 66.0575 1.56567
1905.46 88.7601 67.0816 1.57802
1949.84 89.4167 68.1217 1.59029
1995.26 90.0783 69.1779 1.60269
2041.74 90.7449 70.2505 1.61512
2089.3 91.4167 71.3397 1.62765
2137.96 92.0937 72.4458 1.64039
2187.76 92.7758 73.5691 1.65319
2238.72 93.4631 74.7097 1.66603
2290.87 94.1558 75.8681 1.67895
2344.23 94.8537 77.0445 1.69203
2398.83 95.557 78.239 1.70524
2454.71 96.2657 79.4522 1.71844
2511.89 96.9798 80.6841 1.73169
2570.4 97.6994 81.9351 1.74529
2630.27 98.4245 83.2056 1.75887
2691.53 99.1552 84.4957 1.7725
2754.23 99.8915 85.8059 1.78631
2818.38 100.633 87.1363 1.80021
2884.03 101.381 88.4874 1.81423
2951.21 102.134 89.8595 1.82835
3019.95 102.893 91.2528 1.84258
3090.3 103.658 92.6678 1.85688
3162.28 104.429 94.1047 1.87139
3235.94 105.206 95.5638 1.88584
3311.31 105.989 97.0456 1.90051
3388.44 106.777 98.5503 1.91538
3467.37 107.572 100.078 1.93035
3548.13 108.373 101.63 1.94512
3630.78 109.18 103.206 1.96052
3715.35 109.993 104.806 1.97563
3801.89 110.812 106.432 1.99095
3890.45 111.638 108.082 2.00647
3981.07 112.47 109.758 2.02216
4073.8 113.308 111.46 2.03792
4168.69 114.153 113.188 2.05368
4265.8 115.004 114.943 2.06958
4365.16 115.862 116.725 2.08569
4466.84 116.727 118.535 2.102
4570.88 117.598 120.373 2.11825
4677.35 118.475 122.24 2.13472
4786.3 119.36 124.135 2.1514
4897.79 120.251 126.06 2.16817
5011.87 121.149 128.014 2.1849
5128.61 122.054 129.999 2.20203
5248.07 122.966 132.015 2.21902
5370.32 123.885 134.062 2.23642
5495.41 124.811 136.141 2.25386
5623.41 125.744 138.252 2.2712
5754.4 126.684 140.396 2.28902
5888.44 127.631 142.572 2.30679
6025.6 128.586 144.783 2.32466
6165.95 129.548 147.028 2.34266
6309.57 130.517 149.308 2.36096
6456.54 131.494 151.623 2.37936
6606.93 132.478 153.974 2.39794
6760.83 133.47 156.361 2.41646
6918.31 134.469 158.786 2.43529
7079.46 135.477 161.248 2.4542
7244.36 136.491 163.748 2.47297
7413.1 137.514 166.287 2.4923
7585.78 138.544 168.865 2.51187
7762.47 139.583 171.483 2.53128
7943.28 140.629 174.142 2.55107
8128.31 141.683 176.842 2.571
8317.64 142.746 179.584 2.59067
8511.38 143.816 182.368 2.611
8709.64 144.895 185.196 2.63135
8912.51 145.982 188.067 2.6518
9120.11 147.077 190.983 2.67226
9332.54 148.181 193.944 2.69296
9549.93 149.293 196.951 2.7141
9772.37 150.414 200.005 2.73488
10000 151.544 203.106 2.7565
