Pressure (Mbar) | Density (g cm^-3) | dP/dRho (Mbar g^-1 cm^3) | d^2P/dRho^2 (Mbar g^-2 cm^6) 

0.000010 4.267221 0.581185 0.416115
0.000010 4.267221 0.581185 0.416139
0.000010 4.267221 0.581186 0.416115
0.000011 4.267221 0.581186 0.416163
0.000011 4.267221 0.581186 0.416163
0.000011 4.267221 0.581186 0.416139
0.000011 4.267221 0.581186 0.416115
0.000012 4.267221 0.581187 0.416139
0.000012 4.267221 0.581187 0.416139
0.000012 4.267221 0.581187 0.416163
0.000013 4.267221 0.581187 0.416163
0.000013 4.267221 0.581187 0.416139
0.000013 4.267221 0.581188 0.416139
0.000013 4.267221 0.581188 0.416139
0.000014 4.267221 0.581188 0.416115
0.000014 4.267221 0.581188 0.416163
0.000014 4.267221 0.581188 0.416139
0.000015 4.267221 0.581189 0.416115
0.000015 4.267221 0.581189 0.416139
0.000015 4.267231 0.581189 0.416139
0.000016 4.267231 0.581189 0.416115
0.000016 4.267231 0.581190 0.416139
0.000017 4.267231 0.581190 0.416163
0.000017 4.267231 0.581190 0.416139
0.000017 4.267231 0.581190 0.416163
0.000018 4.267231 0.581190 0.416163
0.000018 4.267231 0.581190 0.416163
0.000019 4.267231 0.581190 0.416115
0.000019 4.267231 0.581191 0.416139
0.000019 4.267231 0.581191 0.416139
0.000020 4.267231 0.581191 0.416139
0.000020 4.267231 0.581192 0.416163
0.000021 4.267231 0.581192 0.416139
0.000021 4.267242 0.581192 0.416163
0.000022 4.267242 0.581193 0.416163
0.000022 4.267242 0.581193 0.416139
0.000023 4.267242 0.581194 0.416139
0.000023 4.267242 0.581194 0.416139
0.000024 4.267242 0.581194 0.416163
0.000025 4.267242 0.581195 0.416139
0.000025 4.267242 0.581195 0.416139
0.000026 4.267242 0.581196 0.416139
0.000026 4.267242 0.581196 0.416163
0.000027 4.267242 0.581196 0.416139
0.000028 4.267253 0.581197 0.416163
0.000028 4.267253 0.581197 0.416163
0.000029 4.267253 0.581198 0.416163
0.000030 4.267253 0.581198 0.416115
0.000030 4.267253 0.581199 0.416139
0.000031 4.267253 0.581199 0.416139
0.000032 4.267253 0.581200 0.416139
0.000032 4.267253 0.581200 0.416139
0.000033 4.267253 0.581201 0.416139
0.000034 4.267263 0.581201 0.416139
0.000035 4.267263 0.581202 0.416139
0.000035 4.267263 0.581203 0.416139
0.000036 4.267263 0.581203 0.416139
0.000037 4.267263 0.581204 0.416163
0.000038 4.267263 0.581204 0.416163
0.000039 4.267263 0.581205 0.416163
0.000040 4.267274 0.581206 0.416139
0.000041 4.267274 0.581206 0.416163
0.000042 4.267274 0.581207 0.416163
0.000043 4.267274 0.581208 0.416115
0.000044 4.267274 0.581208 0.416163
0.000045 4.267274 0.581209 0.416163
0.000046 4.267274 0.581210 0.416139
0.000047 4.267284 0.581210 0.416139
0.000048 4.267284 0.581210 0.416139
0.000049 4.267284 0.581211 0.416163
0.000050 4.267284 0.581212 0.416139
0.000051 4.267284 0.581213 0.416163
0.000052 4.267294 0.581214 0.416115
0.000054 4.267294 0.581215 0.416139
0.000055 4.267294 0.581215 0.416139
0.000056 4.267294 0.581216 0.416163
0.000058 4.267294 0.581217 0.416139
0.000059 4.267305 0.581218 0.416139
0.000060 4.267305 0.581219 0.416139
0.000062 4.267305 0.581220 0.416140
0.000063 4.267305 0.581221 0.416164
0.000065 4.267315 0.581222 0.416164
0.000066 4.267315 0.581223 0.416164
0.000068 4.267315 0.581225 0.416188
0.000069 4.267315 0.581226 0.416164
0.000071 4.267326 0.581227 0.416140
0.000072 4.267326 0.581228 0.416188
0.000074 4.267326 0.581229 0.416140
0.000076 4.267326 0.581230 0.416140
0.000078 4.267336 0.581231 0.416164
0.000079 4.267336 0.581232 0.416164
0.000081 4.267336 0.581233 0.416140
0.000083 4.267347 0.581235 0.416211
0.000085 4.267347 0.581236 0.416164
0.000087 4.267347 0.581237 0.416164
0.000089 4.267357 0.581239 0.416116
0.000091 4.267357 0.581240 0.416164
0.000093 4.267357 0.581242 0.416140
0.000095 4.267368 0.581243 0.416164
0.000098 4.267368 0.581245 0.416164
0.000100 4.267368 0.581247 0.416140
0.000102 4.267378 0.581248 0.416164
0.000105 4.267378 0.581250 0.416140
0.000107 4.267389 0.581251 0.416140
0.000110 4.267389 0.581253 0.416140
0.000112 4.267389 0.581254 0.416188
0.000115 4.267399 0.581256 0.416092
0.000117 4.267399 0.581258 0.416140
0.000120 4.267410 0.581260 0.416140
0.000123 4.267410 0.581262 0.416140
0.000126 4.267420 0.581264 0.416164
0.000129 4.267420 0.581266 0.416188
0.000132 4.267431 0.581268 0.416140
0.000135 4.267431 0.581270 0.416164
0.000138 4.267441 0.581272 0.416140
0.000141 4.267441 0.581274 0.416164
0.000145 4.267452 0.581277 0.416140
0.000148 4.267452 0.581279 0.416141
0.000151 4.267463 0.581281 0.416141
0.000155 4.267463 0.581284 0.416165
0.000158 4.267473 0.581287 0.416165
0.000162 4.267484 0.581289 0.416141
0.000166 4.267484 0.581291 0.416165
0.000170 4.267494 0.581294 0.416165
0.000174 4.267494 0.581297 0.416165
0.000178 4.267505 0.581299 0.416141
0.000182 4.267515 0.581302 0.416165
0.000186 4.267526 0.581305 0.416141
0.000191 4.267526 0.581309 0.416141
0.000195 4.267536 0.581311 0.416117
0.000200 4.267547 0.581314 0.416141
0.000204 4.267547 0.581317 0.416117
0.000209 4.267557 0.581321 0.416165
0.000214 4.267568 0.581324 0.416141
0.000219 4.267578 0.581328 0.416165
0.000224 4.267589 0.581330 0.416117
0.000229 4.267599 0.581334 0.416166
0.000234 4.267599 0.581338 0.416166
0.000240 4.267610 0.581342 0.416142
0.000245 4.267620 0.581346 0.416166
0.000251 4.267631 0.581350 0.416142
0.000257 4.267641 0.581353 0.416166
0.000263 4.267652 0.581357 0.416142
0.000269 4.267662 0.581362 0.416166
0.000275 4.267672 0.581366 0.416166
0.000282 4.267683 0.581370 0.416142
0.000288 4.267694 0.581375 0.416166
0.000295 4.267704 0.581379 0.416166
0.000302 4.267715 0.581384 0.416142
0.000309 4.267735 0.581389 0.416142
0.000316 4.267746 0.581394 0.416143
0.000324 4.267756 0.581399 0.416167
0.000331 4.267767 0.581404 0.416167
0.000339 4.267788 0.581410 0.416167
0.000347 4.267798 0.581414 0.416143
0.000355 4.267809 0.581420 0.416143
0.000363 4.267819 0.581426 0.416143
0.000372 4.267840 0.581431 0.416143
0.000380 4.267851 0.581437 0.416143
0.000389 4.267872 0.581444 0.416143
0.000398 4.267882 0.581450 0.416168
0.000407 4.267904 0.581456 0.416168
0.000417 4.267914 0.581463 0.416168
0.000427 4.267935 0.581469 0.416191
0.000437 4.267956 0.581476 0.416144
0.000447 4.267967 0.581483 0.416168
0.000457 4.267988 0.581490 0.416191
0.000468 4.268009 0.581497 0.416144
0.000479 4.268019 0.581505 0.416168
0.000490 4.268040 0.581512 0.416169
0.000501 4.268061 0.581520 0.416192
0.000513 4.268082 0.581528 0.416145
0.000525 4.268103 0.581536 0.416145
0.000537 4.268124 0.581545 0.416145
0.000550 4.268145 0.581552 0.416192
0.000562 4.268166 0.581562 0.416145
0.000575 4.268187 0.581570 0.416146
0.000589 4.268208 0.581580 0.416170
0.000603 4.268239 0.581589 0.416146
0.000617 4.268260 0.581598 0.416146
0.000631 4.268281 0.581609 0.416146
0.000646 4.268313 0.581618 0.416170
0.000661 4.268334 0.581629 0.416170
0.000676 4.268366 0.581639 0.416170
0.000692 4.268387 0.581650 0.416170
0.000708 4.268418 0.581661 0.416147
0.000724 4.268449 0.581672 0.416194
0.000741 4.268470 0.581684 0.416148
0.000759 4.268502 0.581695 0.416195
0.000776 4.268533 0.581708 0.416124
0.000794 4.268565 0.581720 0.416148
0.000813 4.268597 0.581732 0.416171
0.000832 4.268628 0.581745 0.416172
0.000851 4.268660 0.581758 0.416196
0.000871 4.268702 0.581771 0.416172
0.000891 4.268733 0.581786 0.416196
0.000912 4.268764 0.581800 0.416126
0.000933 4.268806 0.581814 0.416150
0.000955 4.268838 0.581830 0.416173
0.000977 4.268880 0.581844 0.416150
0.001000 4.268922 0.581860 0.416127
0.001023 4.268964 0.581875 0.416174
0.001047 4.268996 0.581891 0.416174
0.001072 4.269038 0.581909 0.416151
0.001096 4.269090 0.581926 0.416151
0.001122 4.269132 0.581943 0.416175
0.001148 4.269174 0.581961 0.416175
0.001175 4.269216 0.581979 0.416152
0.001202 4.269269 0.581997 0.416152
0.001230 4.269310 0.582016 0.416176
0.001259 4.269363 0.582036 0.416177
0.001288 4.269416 0.582056 0.416177
0.001318 4.269468 0.582076 0.416201
0.001349 4.269520 0.582097 0.416154
0.001380 4.269573 0.582119 0.416154
0.001413 4.269626 0.582141 0.416155
0.001445 4.269689 0.582163 0.416155
0.001479 4.269741 0.582186 0.416179
0.001514 4.269804 0.582210 0.416180
0.001549 4.269867 0.582233 0.416180
0.001585 4.269919 0.582258 0.416205
0.001622 4.269993 0.582283 0.416181
0.001660 4.270056 0.582309 0.416157
0.001698 4.270119 0.582335 0.416182
0.001738 4.270182 0.582362 0.416158
0.001778 4.270255 0.582390 0.416159
0.001820 4.270329 0.582418 0.416183
0.001862 4.270402 0.582447 0.416184
0.001905 4.270476 0.582476 0.416184
0.001950 4.270550 0.582507 0.416185
0.001995 4.270633 0.582537 0.416185
0.002042 4.270707 0.582569 0.416210
0.002089 4.270791 0.582601 0.416187
0.002138 4.270875 0.582634 0.416187
0.002188 4.270959 0.582669 0.416164
0.002239 4.271043 0.582703 0.416211
0.002291 4.271137 0.582738 0.416212
0.002344 4.271232 0.582774 0.416190
0.002399 4.271327 0.582811 0.416213
0.002455 4.271421 0.582850 0.416190
0.002512 4.271515 0.582889 0.416215
0.002570 4.271621 0.582929 0.416215
0.002630 4.271715 0.582970 0.416192
0.002692 4.271820 0.583010 0.416193
0.002754 4.271935 0.583053 0.416193
0.002818 4.272041 0.583097 0.416218
0.002884 4.272156 0.583142 0.416219
0.002951 4.272272 0.583188 0.416196
0.003020 4.272387 0.583234 0.416196
0.003090 4.272502 0.583282 0.416221
0.003162 4.272628 0.583330 0.416198
0.003236 4.272755 0.583381 0.416199
0.003311 4.272891 0.583432 0.416176
0.003388 4.273017 0.583485 0.416201
0.003467 4.273154 0.583538 0.416202
0.003548 4.273290 0.583593 0.416227
0.003631 4.273437 0.583650 0.416204
0.003715 4.273584 0.583707 0.416229
0.003802 4.273731 0.583766 0.416230
0.003890 4.273878 0.583826 0.416207
0.003981 4.274035 0.583887 0.416231
0.004074 4.274193 0.583950 0.416209
0.004169 4.274350 0.584014 0.416210
0.004266 4.274518 0.584080 0.416234
0.004365 4.274686 0.584148 0.416235
0.004467 4.274865 0.584217 0.416212
0.004571 4.275043 0.584288 0.416213
0.004677 4.275222 0.584359 0.416239
0.004786 4.275411 0.584433 0.416264
0.004898 4.275600 0.584509 0.416217
0.005012 4.275799 0.584587 0.416218
0.005129 4.275999 0.584666 0.416244
0.005248 4.276198 0.584747 0.416221
0.005370 4.276409 0.584830 0.416247
0.005495 4.276629 0.584914 0.416224
0.005623 4.276839 0.585001 0.416249
0.005754 4.277070 0.585090 0.416250
0.005888 4.277301 0.585181 0.416252
0.006026 4.277532 0.585273 0.416277
0.006166 4.277773 0.585369 0.416255
0.006310 4.278015 0.585466 0.416256
0.006457 4.278267 0.585566 0.416234
0.006607 4.278530 0.585667 0.416284
0.006761 4.278792 0.585771 0.416261
0.006918 4.279055 0.585878 0.416287
0.007079 4.279327 0.585987 0.416265
0.007244 4.279611 0.586098 0.416267
0.007413 4.279905 0.586212 0.416269
0.007586 4.280199 0.586330 0.416270
0.007762 4.280493 0.586449 0.416296
0.007943 4.280808 0.586571 0.416274
0.008128 4.281123 0.586696 0.416300
0.008318 4.281438 0.586824 0.416278
0.008511 4.281774 0.586955 0.416304
0.008710 4.282110 0.587089 0.416330
0.008913 4.282456 0.587226 0.416260
0.009120 4.282813 0.587366 0.416287
0.009333 4.283170 0.587510 0.416336
0.009550 4.283538 0.587656 0.416314
0.009772 4.283916 0.587806 0.416317
0.010000 4.284304 0.587960 0.416319
0.010233 4.284703 0.588116 0.416322
0.010471 4.285113 0.588277 0.416349
0.010715 4.285522 0.588442 0.416327
0.010965 4.285943 0.588610 0.416306
0.011220 4.286384 0.588782 0.416332
0.011482 4.286824 0.588958 0.416359
0.011749 4.287276 0.589138 0.416337
0.012023 4.287738 0.589322 0.416364
0.012303 4.288221 0.589511 0.416368
0.012589 4.288704 0.589703 0.416370
0.012882 4.289197 0.589900 0.416349
0.013183 4.289712 0.590102 0.416376
0.013490 4.290226 0.590309 0.416355
0.013804 4.290762 0.590519 0.416382
0.014125 4.291308 0.590735 0.416386
0.014454 4.291864 0.590956 0.416365
0.014791 4.292431 0.591182 0.416416
0.015136 4.293020 0.591413 0.416395
0.015488 4.293607 0.591649 0.416423
0.015849 4.294216 0.591891 0.416402
0.016218 4.294847 0.592138 0.416454
0.016596 4.295487 0.592391 0.416410
0.016982 4.296138 0.592650 0.416437
0.017378 4.296799 0.592915 0.416441
0.017783 4.297482 0.593186 0.416470
0.018197 4.298186 0.593463 0.416450
0.018621 4.298900 0.593746 0.416478
0.019055 4.299624 0.594035 0.416482
0.019498 4.300370 0.594331 0.416486
0.019953 4.301136 0.594634 0.416466
0.020417 4.301924 0.594945 0.416494
0.020893 4.302722 0.595262 0.416499
0.021380 4.303540 0.595586 0.416528
0.021878 4.304370 0.595917 0.416460
0.022387 4.305231 0.596256 0.416512
0.022909 4.306102 0.596603 0.416518
0.023442 4.306995 0.596958 0.416522
0.023988 4.307909 0.597321 0.416551
0.024547 4.308843 0.597691 0.416532
0.025119 4.309798 0.598071 0.416586
0.025704 4.310775 0.598459 0.416567
0.026303 4.311783 0.598856 0.416571
0.026915 4.312801 0.599262 0.416602
0.027542 4.313851 0.599676 0.416631
0.028184 4.314922 0.600101 0.416637
0.028840 4.316014 0.600535 0.416619
0.029512 4.317127 0.600978 0.416649
0.030199 4.318272 0.601432 0.416630
0.030903 4.319438 0.601896 0.416660
0.031623 4.320635 0.602371 0.416667
0.032359 4.321863 0.602855 0.416649
0.033113 4.323112 0.603351 0.416679
0.033884 4.324383 0.603859 0.416686
0.034674 4.325696 0.604377 0.416691
0.035481 4.327029 0.604908 0.416673
0.036308 4.328394 0.605449 0.416729
0.037154 4.329791 0.606004 0.416735
0.038019 4.331218 0.606570 0.416743
0.038904 4.332678 0.607150 0.416773
0.039811 4.334169 0.607741 0.416781
0.040738 4.335691 0.608347 0.416764
0.041687 4.337256 0.608966 0.416795
0.042658 4.338852 0.609598 0.416826
0.043652 4.340479 0.610245 0.416834
0.044668 4.342138 0.610906 0.416816
0.045709 4.343840 0.611582 0.416873
0.046774 4.345582 0.612272 0.416856
0.047863 4.347367 0.612978 0.416864
0.048978 4.349184 0.613700 0.416921
0.050119 4.351042 0.614438 0.416903
0.051286 4.352932 0.615191 0.416937
0.052481 4.354875 0.615963 0.416920
0.053703 4.356860 0.616750 0.416952
0.054954 4.358886 0.617555 0.416986
0.056234 4.360954 0.618377 0.416969
0.057544 4.363076 0.619218 0.417002
0.058884 4.365239 0.620077 0.417010
0.060256 4.367454 0.620955 0.417042
0.061660 4.369712 0.621852 0.417026
0.063096 4.372021 0.622769 0.417084
0.064565 4.374373 0.623706 0.417092
0.066069 4.376788 0.624663 0.417126
0.067608 4.379246 0.625641 0.417109
0.069183 4.381765 0.626640 0.417168
0.070795 4.384327 0.627661 0.417150
0.072444 4.386952 0.628704 0.417158
0.074131 4.389641 0.629770 0.417217
0.075858 4.392381 0.630858 0.417200
0.077625 4.395174 0.631970 0.417259
0.079433 4.398030 0.633106 0.417242
0.081283 4.400949 0.634266 0.417301
0.083176 4.403931 0.635451 0.417309
0.085114 4.406987 0.636662 0.417290
0.087096 4.410094 0.637898 0.417350
0.089125 4.413266 0.639161 0.417332
0.091201 4.416510 0.640450 0.417365
0.093325 4.419828 0.641768 0.417397
0.095499 4.423209 0.643113 0.417382
0.097724 4.426663 0.644487 0.417438
0.100000 4.430192 0.645890 0.417446
0.102329 4.433793 0.647321 0.417478
0.104713 4.437479 0.648784 0.417458
0.107152 4.441227 0.650277 0.417542
0.109648 4.445059 0.651801 0.417548
0.112202 4.448976 0.653358 0.417554
0.114815 4.452977 0.654947 0.417560
0.117490 4.457051 0.656569 0.417566
0.120226 4.461219 0.658224 0.417647
0.123027 4.465461 0.659914 0.417627
0.125893 4.469798 0.661639 0.417630
0.128825 4.474228 0.663400 0.417688
0.131826 4.478744 0.665197 0.417714
0.134896 4.483353 0.667030 0.417717
0.138038 4.488057 0.668902 0.417693
0.141254 4.492856 0.670811 0.417774
0.144544 4.497759 0.672761 0.417802
0.147911 4.502757 0.674749 0.417801
0.151356 4.507850 0.676777 0.417830
0.154882 4.513047 0.678848 0.417854
0.158489 4.518360 0.680959 0.417854
0.162181 4.523767 0.683113 0.417853
0.165959 4.529291 0.685310 0.417902
0.169824 4.534929 0.687551 0.417871
0.173780 4.540672 0.689838 0.417949
0.177828 4.546521 0.692169 0.417941
0.181970 4.552495 0.694548 0.417961
0.186209 4.558596 0.696972 0.417957
0.190546 4.564802 0.699446 0.417974
0.194984 4.571133 0.701968 0.418017
0.199526 4.577601 0.704538 0.418032
0.204174 4.584185 0.707160 0.418021
0.208930 4.590894 0.709832 0.418064
0.213796 4.597740 0.712557 0.418075
0.218776 4.604712 0.715334 0.418088
0.223872 4.611821 0.718165 0.418068
0.229087 4.619065 0.721051 0.418131
0.234423 4.626457 0.723991 0.418085
0.239883 4.633976 0.726989 0.418092
0.245471 4.641651 0.730043 0.418094
0.251189 4.649463 0.733154 0.418125
0.257040 4.657433 0.736326 0.418122
0.263027 4.665538 0.739556 0.418122
0.269153 4.673812 0.742849 0.418120
0.275423 4.682223 0.746201 0.418142
0.281838 4.690802 0.749617 0.418130
0.288403 4.699548 0.753096 0.418122
0.295121 4.708442 0.756640 0.418109
0.301995 4.717503 0.760249 0.418127
0.309030 4.726732 0.763925 0.418079
0.316228 4.736141 0.767668 0.418032
0.323594 4.745706 0.771478 0.418064
0.331131 4.755450 0.775359 0.418069
0.338844 4.765372 0.779310 0.418044
0.346737 4.775474 0.783331 0.418010
0.354813 4.785763 0.787425 0.417981
0.363078 4.796232 0.791591 0.417970
0.371535 4.806890 0.795833 0.417930
0.380189 4.817725 0.800150 0.417885
0.389045 4.828772 0.804543 0.417870
0.398107 4.839996 0.809012 0.417848
0.407380 4.851430 0.813561 0.417790
0.416869 4.863065 0.818189 0.417768
0.426580 4.874898 0.822896 0.417707
0.436516 4.886931 0.827686 0.417661
0.446684 4.899185 0.832557 0.417596
0.457088 4.911638 0.837512 0.417575
0.467735 4.924321 0.842552 0.417527
0.478630 4.937205 0.847678 0.417447
0.489779 4.950320 0.852890 0.417385
0.501187 4.963655 0.858190 0.417323
0.512861 4.977221 0.863579 0.417195
0.524807 4.991007 0.869058 0.417124
0.537032 5.005024 0.874628 0.417012
0.549541 5.019284 0.880289 0.416962
0.562341 5.033773 0.886044 0.416846
0.575440 5.048516 0.891893 0.416775
0.588844 5.063488 0.897837 0.416672
0.602560 5.078714 0.903878 0.416570
0.616595 5.094191 0.910017 0.416419
0.630957 5.109920 0.916253 0.416305
0.645654 5.125901 0.922590 0.416180
0.660693 5.142144 0.929029 0.416053
0.676083 5.158650 0.935568 0.415942
0.691831 5.175429 0.942210 0.415765
0.707946 5.192471 0.948958 0.415609
0.724436 5.209785 0.955810 0.415444
0.741310 5.227372 0.962771 0.415285
0.758578 5.245244 0.969838 0.415070
0.776247 5.263398 0.977009 0.414929
0.794328 5.281836 0.984295 0.414735
0.812831 5.300558 0.991686 0.414537
0.831764 5.319583 0.999200 0.414356
0.851138 5.338893 1.006819 0.414148
0.870964 5.358518 1.014552 0.413928
0.891251 5.378436 1.022409 0.413690
0.912011 5.398659 1.030371 0.413483
0.933254 5.419197 1.038457 0.413229
0.954993 5.440050 1.046657 0.412996
0.977237 5.461218 1.054981 0.412739
1.000000 5.482701 1.063429 0.412521
1.023290 5.504520 1.072000 0.412202
1.047130 5.526665 1.080686 0.411935
1.071520 5.549145 1.089505 0.411629
1.096480 5.571961 1.098448 0.411367
1.122020 5.595114 1.107514 0.411006
1.148150 5.618613 1.116705 0.410662
1.174900 5.642469 1.126029 0.410387
1.202260 5.666672 1.135486 0.410013
1.230270 5.691231 1.145076 0.409674
1.258930 5.716148 1.154791 0.409284
1.288250 5.741431 1.164648 0.408927
1.318260 5.767083 1.174629 0.408525
1.348960 5.793113 1.184752 0.408129
1.380380 5.819520 1.195010 0.407736
1.412540 5.846316 1.205410 0.407279
1.445440 5.873490 1.215943 0.406870
1.479110 5.901063 1.226619 0.406425
1.513560 5.929024 1.237438 0.406009
1.548820 5.957385 1.248400 0.405555
1.584890 5.986155 1.259505 0.405047
1.621810 6.015335 1.270752 0.404551
1.659590 6.044934 1.282152 0.404047
1.698240 6.074953 1.293695 0.403543
1.737800 6.105393 1.305381 0.402998
1.778280 6.136252 1.317229 0.402382
1.819700 6.167563 1.329219 0.401897
1.862090 6.199305 1.341352 0.401324
1.905460 6.231488 1.353648 0.400704
1.949840 6.264132 1.366095 0.400150
1.995260 6.297228 1.378695 0.399542
2.041740 6.330776 1.391457 0.398942
2.089300 6.364795 1.404371 0.398264
2.137960 6.399288 1.417438 0.397590
2.187760 6.434264 1.430676 0.396919
2.238720 6.469712 1.444067 0.396236
2.290870 6.505653 1.457619 0.395599
2.344230 6.542099 1.471333 0.394839
2.398830 6.579027 1.485210 0.394150
2.454710 6.616481 1.499248 0.393397
2.511890 6.654438 1.513457 0.392618
2.570400 6.692910 1.527829 0.391875
2.630270 6.731917 1.542372 0.391091
2.691530 6.771450 1.557076 0.390266
2.754230 6.811518 1.571962 0.389437
2.818380 6.852132 1.587010 0.388608
2.884030 6.893302 1.602229 0.387791
2.951210 6.935030 1.617619 0.386896
3.019950 6.977324 1.633181 0.386005
3.090300 7.020195 1.648924 0.385165
3.162280 7.063633 1.664838 0.384171
3.235940 7.107670 1.680924 0.383232
3.311310 7.152296 1.697200 0.382261
3.388440 7.197519 1.713638 0.381367
3.467370 7.243351 1.730267 0.380354
3.548130 7.289804 1.747076 0.379376
3.630780 7.336886 1.764057 0.378376
3.715350 7.384587 1.781229 0.377315
3.801890 7.432940 1.798571 0.376286
3.890450 7.481943 1.816114 0.375199
3.981070 7.531597 1.833829 0.374145
4.073800 7.581913 1.851733 0.373040
4.168690 7.632912 1.869819 0.371857
4.265800 7.684593 1.888095 0.370742
4.365160 7.736956 1.906562 0.369604
4.466840 7.790034 1.925219 0.368463
4.570880 7.843815 1.944057 0.367294
4.677350 7.898310 1.963086 0.366148
4.786300 7.953540 1.982314 0.364843
4.897790 8.009505 2.001724 0.363623
5.011870 8.066226 2.021333 0.362427
5.128610 8.123693 2.041133 0.361061
5.248070 8.181935 2.061133 0.359785
5.370320 8.240956 2.081324 0.358501
5.495410 8.300764 2.101705 0.357192
5.623410 8.361371 2.122286 0.355854
5.754400 8.422796 2.143067 0.354511
5.888440 8.485029 2.164038 0.353102
6.025600 8.548103 2.185210 0.351777
6.165950 8.612016 2.206581 0.350417
6.309570 8.676790 2.228153 0.349003
6.456540 8.742426 2.249924 0.347576
6.606930 8.808953 2.271895 0.346110
6.760830 8.876353 2.294067 0.344629
6.918310 8.944676 2.316438 0.343072
7.079460 9.013904 2.339010 0.341592
7.244360 9.084064 2.361791 0.340220
7.413100 9.155160 2.384771 0.338574
7.585780 9.227221 2.407953 0.337010
7.762470 9.300239 2.431333 0.335477
7.943280 9.374253 2.454924 0.333890
8.128310 9.449255 2.478724 0.332270
8.317640 9.525274 2.502724 0.330674
8.511380 9.602312 2.526924 0.329096
8.709640 9.680391 2.551333 0.327437
8.912510 9.759530 2.575953 0.325800
9.120110 9.839728 2.600771 0.324140
9.332540 9.921020 2.625800 0.322443
9.549930 10.003412 2.651038 0.320732
9.772370 10.086920 2.676476 0.319046
10.000000 10.171559 2.702124 0.317316
10.232900 10.257356 2.727972 0.315555
10.471300 10.344306 2.754038 0.313744
10.715200 10.432453 2.780305 0.311988
10.964800 10.521839 2.806781 0.310235
11.220200 10.612350 2.833467 0.308431
11.481500 10.704120 2.860353 0.306644
11.749000 10.797256 2.887448 0.304825
12.022600 10.891545 2.914752 0.303007
12.302700 10.987200 2.942267 0.301164
12.589300 11.084115 2.969981 0.299317
12.882500 11.182396 2.997905 0.297350
13.182600 11.282040 3.026038 0.295478
13.489600 11.383050 3.054371 0.293665
13.803800 11.485425 3.082914 0.291738
14.125400 11.589271 3.111667 0.289846
14.454400 11.694480 3.140619 0.287860
14.791100 11.801160 3.169781 0.285970
15.135600 11.909415 3.199143 0.283974
15.488200 12.019035 3.228714 0.282048
15.848900 12.130335 3.258486 0.280043
16.218100 12.243105 3.288457 0.278186
16.595900 12.357450 3.318638 0.276129
16.982401 12.473371 3.349019 0.274135
17.378000 12.590970 3.379600 0.272135
17.782801 12.710145 3.410381 0.270104
18.197001 12.831105 3.441362 0.268054
18.620899 12.953745 3.472552 0.266070
19.054600 13.078065 3.503933 0.263989
19.498400 13.204170 3.535514 0.261907
19.952600 13.332060 3.567286 0.259895
20.417400 13.461735 3.599267 0.257842
20.893000 13.593300 3.631438 0.255712
21.379601 13.726650 3.663800 0.253732
21.877600 13.861995 3.696352 0.251565
22.387199 13.999229 3.729105 0.249507
22.908701 14.138460 3.762048 0.247381
23.442301 14.279685 3.795181 0.245286
23.988300 14.422905 3.828505 0.243204
24.547100 14.568225 3.862019 0.241060
25.118900 14.715645 3.895714 0.238915
25.704000 14.865165 3.929600 0.236894
26.302700 15.016890 3.963667 0.234715
26.915300 15.170819 3.997915 0.232576
27.542299 15.326955 4.032343 0.230450
28.183800 15.485400 4.066962 0.228375
28.840300 15.646155 4.101752 0.226234
29.512100 15.809220 4.136714 0.224089
30.199499 15.974700 4.171857 0.221938
30.903000 16.142595 4.207181 0.219771
31.622801 16.312906 4.242667 0.217654
32.359402 16.485840 4.278333 0.215507
33.113098 16.661295 4.314162 0.213366
33.884399 16.839270 4.350152 0.211210
34.673698 17.019974 4.386314 0.209042
35.481300 17.203304 4.422638 0.206831
36.307800 17.389469 4.459124 0.204751
37.153500 17.578365 4.495762 0.202683
38.018902 17.770096 4.532571 0.200429
38.904499 17.964659 4.569524 0.198332
39.810699 18.162165 4.606628 0.196181
40.737999 18.362610 4.643895 0.194091
41.686901 18.566099 4.681295 0.191915
42.658001 18.772739 4.718848 0.189715
43.651600 18.982426 4.756552 0.187677
44.668400 19.195364 4.794391 0.185496
45.708801 19.411560 4.832362 0.183440
46.773499 19.631010 4.870476 0.181325
47.862999 19.853819 4.908724 0.179167
48.977901 20.080095 4.947104 0.177107
50.118698 20.309731 4.985610 0.174939
51.286098 20.543041 5.024238 0.172864
52.480701 20.779919 5.063000 0.170743
53.703201 21.020370 5.101867 0.168751
54.954102 21.264601 5.140867 0.166575
56.234100 21.512714 5.179972 0.164512
57.543999 21.764610 5.219191 0.162469
58.884399 22.020496 5.258514 0.160376
60.256001 22.280264 5.297943 0.158332
61.659500 22.544235 5.337476 0.156222
63.095699 22.812300 5.377114 0.154175
64.565399 23.084669 5.416838 0.152189
66.069298 23.361240 5.456666 0.150105
67.608299 23.642220 5.496572 0.148060
69.183098 23.927715 5.536571 0.146068
70.794601 24.217726 5.576648 0.144114
72.443604 24.512356 5.616800 0.142171
74.130997 24.811710 5.657038 0.140163
75.857803 25.115896 5.697343 0.138140
77.624702 25.424910 5.737714 0.136144
79.432800 25.738964 5.778152 0.134242
81.283096 26.058060 5.818648 0.132343
83.176399 26.382299 5.859200 0.130366
85.113800 26.711790 5.899809 0.128430
87.096397 27.046741 5.940467 0.126448
89.125099 27.387045 5.981162 0.124641
91.201103 27.732916 6.021905 0.122704
93.325401 28.084560 6.062685 0.120807
95.499298 28.441875 6.103505 0.119024
97.723701 28.805069 6.144343 0.117122
100.000000 29.174356 6.185210 0.115304
102.329002 29.549728 6.226105 0.113410
104.712997 29.931301 6.267009 0.111628
107.152000 30.319170 6.307924 0.109871
109.648003 30.713549 6.348847 0.108085
112.202003 31.114546 6.389781 0.106248
114.815002 31.522261 6.430705 0.104540
117.489998 31.936800 6.471629 0.102801
120.225998 32.358376 6.512543 0.101002
123.027000 32.786987 6.553438 0.099302
125.892998 33.222946 6.594314 0.097600
128.824997 33.666252 6.635171 0.095895
131.826004 34.117126 6.676000 0.094258
134.895996 34.575661 6.716790 0.092522
138.037994 35.042072 6.757543 0.090894
141.253998 35.516460 6.798257 0.089325
144.544006 35.998932 6.838924 0.087668
147.910995 36.489811 6.879533 0.086137
151.356003 36.989082 6.920095 0.084462
154.882004 37.497074 6.960590 0.082908
158.488998 38.013885 7.001009 0.081380
162.181000 38.539619 7.041371 0.079823
165.959000 39.074596 7.081647 0.078277
169.824005 39.618916 7.121838 0.076822
173.779999 40.172791 7.161943 0.075265
177.828003 40.736431 7.201962 0.073788
181.970001 41.309940 7.241876 0.072320
186.209000 41.893635 7.281686 0.070858
190.546005 42.487724 7.321391 0.069483
194.983994 43.092312 7.360981 0.068088
199.526001 43.707615 7.400457 0.066697
204.173996 44.333942 7.439809 0.065289
208.929993 44.971500 7.479029 0.063946
213.796005 45.620506 7.518115 0.062555
218.776001 46.281166 7.557057 0.061217
223.871994 46.953793 7.595857 0.059926
229.087006 47.638603 7.634504 0.058654
234.423004 48.335701 7.673000 0.057353
239.882996 49.045605 7.711324 0.056071
245.470993 49.768425 7.749495 0.054829
251.188995 50.504368 7.787486 0.053643
257.040009 51.253967 7.825295 0.052405
263.027008 52.017208 7.862924 0.051159
269.153015 52.794525 7.900372 0.049934
275.423004 53.586224 7.937609 0.048802
281.838013 54.392517 7.974658 0.047630
288.403015 55.213829 8.011504 0.046510
295.121002 56.050472 8.048133 0.045417
301.994995 56.902649 8.084542 0.044306
309.029999 57.770790 8.120733 0.043222
316.227997 58.655205 8.156695 0.042156
323.593994 59.556313 8.192429 0.041085
331.131012 60.474331 8.227924 0.040049
338.843994 61.409775 8.263171 0.039079
346.737000 62.362862 8.298162 0.038078
354.812988 63.334110 8.332905 0.037091
363.078003 64.323944 8.367391 0.036098
371.535004 65.332573 8.401609 0.035114
380.188995 66.360527 8.435553 0.034177
389.045013 67.408218 8.469219 0.033291
398.106995 68.476173 8.502600 0.032330
407.380005 69.564598 8.535695 0.031463
416.868988 70.674133 8.568505 0.030599
426.579987 71.805298 8.601009 0.029716
436.515991 72.958305 8.633209 0.028891
446.683990 74.133881 8.665094 0.028062
457.088013 75.332458 8.696676 0.027265
467.734985 76.554558 8.727923 0.026434
478.630005 77.800591 8.758858 0.025743
489.778992 79.071198 8.789457 0.024930
501.187012 80.366898 8.819723 0.024095
512.861023 81.688324 8.849648 0.023421
524.807007 83.035995 8.879219 0.022696
537.031982 84.410446 8.908448 0.022005
549.541016 85.812302 8.937314 0.021269
562.341003 87.242294 8.965819 0.020638
575.440002 88.700951 8.993961 0.019909
588.843994 90.188911 9.021724 0.019289
602.559998 91.706894 9.049124 0.018627
616.594971 93.255646 9.076133 0.018050
630.956970 94.835686 9.102753 0.017395
645.653992 96.447960 9.128990 0.016794
660.692993 98.092995 9.154828 0.016213
676.083008 99.771629 9.180267 0.015613
691.830994 101.484703 9.205295 0.015112
707.945984 103.232956 9.229923 0.014531
724.435974 105.016800 9.254133 0.014009
741.309998 106.838547 9.277925 0.013447
758.578003 108.697052 9.301286 0.012948
776.247009 110.594406 9.324228 0.012438
794.328003 112.531647 9.346733 0.011913
812.830994 114.508797 9.368810 0.011530
831.763977 116.526894 9.390438 0.011042
851.138000 118.588051 9.411629 0.010586
870.963989 120.692253 9.432371 0.010139
891.250977 122.840546 9.452658 0.009709
912.010986 125.034004 9.472486 0.009266
933.254028 127.274696 9.491867 0.008880
954.992981 129.562653 9.510772 0.008470
977.237000 131.898895 9.529238 0.008090
1000.000000 134.285553 9.547143 0.007678
1023.289978 136.723648 9.564667 0.007352
1047.130005 139.213196 9.581714 0.006993
1071.520020 141.756302 9.598190 0.006675
1096.479980 144.353989 9.614286 0.006296
1122.020020 147.008392 9.629810 0.005999
1148.150024 149.720551 9.644953 0.005677
1174.900024 152.491501 9.659524 0.005347
1202.260010 155.322296 9.673619 0.005092
1230.270020 158.215057 9.687143 0.004827
1258.930054 161.171844 9.700286 0.004520
1288.250000 164.192688 9.712857 0.004211
1318.260010 167.279694 9.724952 0.003976
1348.959961 170.436005 9.736476 0.003708
1380.380005 173.660553 9.747524 0.003481
1412.540039 176.957550 9.758096 0.003221
1445.439941 180.328049 9.768095 0.003005
1479.109985 183.773102 9.777524 0.002775
1513.560059 187.294800 9.786572 0.002554
1548.819946 190.896301 9.794952 0.002369
1584.890015 194.577591 9.802953 0.002156
1621.810059 198.341858 9.810286 0.001976
1659.589966 202.191147 9.817238 0.001775
1698.239990 206.127594 9.823524 0.001613
1737.800049 210.153290 9.829333 0.001411
