Pressure (Mbar) | Density (g cm^-3) | dP/dRho (Mbar g^-1 cm^3) | d^2P/dRho^2 (Mbar g^-2 cm^6) 

0.000010 3.860819 0.642362 0.459917
0.000010 3.860819 0.642362 0.459943
0.000010 3.860819 0.642363 0.459917
0.000011 3.860819 0.642363 0.459969
0.000011 3.860819 0.642363 0.459969
0.000011 3.860819 0.642363 0.459943
0.000011 3.860819 0.642363 0.459917
0.000012 3.860819 0.642364 0.459943
0.000012 3.860819 0.642364 0.459943
0.000012 3.860819 0.642364 0.459969
0.000013 3.860819 0.642364 0.459969
0.000013 3.860819 0.642364 0.459943
0.000013 3.860819 0.642365 0.459943
0.000013 3.860819 0.642365 0.459943
0.000014 3.860819 0.642365 0.459917
0.000014 3.860819 0.642365 0.459969
0.000014 3.860819 0.642365 0.459943
0.000015 3.860819 0.642366 0.459917
0.000015 3.860819 0.642366 0.459943
0.000015 3.860829 0.642366 0.459943
0.000016 3.860829 0.642366 0.459917
0.000016 3.860829 0.642367 0.459943
0.000017 3.860829 0.642367 0.459969
0.000017 3.860829 0.642367 0.459943
0.000017 3.860829 0.642368 0.459969
0.000018 3.860829 0.642368 0.459969
0.000018 3.860829 0.642368 0.459969
0.000019 3.860829 0.642368 0.459917
0.000019 3.860829 0.642370 0.459943
0.000019 3.860829 0.642370 0.459943
0.000020 3.860829 0.642370 0.459943
0.000020 3.860829 0.642371 0.459969
0.000021 3.860829 0.642371 0.459943
0.000021 3.860838 0.642371 0.459969
0.000022 3.860838 0.642372 0.459969
0.000022 3.860838 0.642372 0.459943
0.000023 3.860838 0.642373 0.459943
0.000023 3.860838 0.642373 0.459943
0.000024 3.860838 0.642373 0.459969
0.000025 3.860838 0.642374 0.459943
0.000025 3.860838 0.642374 0.459943
0.000026 3.860838 0.642375 0.459943
0.000026 3.860838 0.642375 0.459969
0.000027 3.860838 0.642375 0.459943
0.000028 3.860848 0.642376 0.459969
0.000028 3.860848 0.642376 0.459969
0.000029 3.860848 0.642377 0.459969
0.000030 3.860848 0.642377 0.459917
0.000030 3.860848 0.642378 0.459943
0.000031 3.860848 0.642378 0.459943
0.000032 3.860848 0.642379 0.459943
0.000032 3.860848 0.642379 0.459943
0.000033 3.860848 0.642380 0.459943
0.000034 3.860857 0.642380 0.459943
0.000035 3.860857 0.642381 0.459943
0.000035 3.860857 0.642382 0.459943
0.000036 3.860857 0.642382 0.459943
0.000037 3.860857 0.642383 0.459969
0.000038 3.860857 0.642383 0.459969
0.000039 3.860857 0.642384 0.459969
0.000040 3.860867 0.642385 0.459943
0.000041 3.860867 0.642385 0.459969
0.000042 3.860867 0.642386 0.459969
0.000043 3.860867 0.642387 0.459917
0.000044 3.860867 0.642387 0.459969
0.000045 3.860867 0.642388 0.459969
0.000046 3.860867 0.642389 0.459943
0.000047 3.860876 0.642390 0.459943
0.000048 3.860876 0.642390 0.459943
0.000049 3.860876 0.642392 0.459969
0.000050 3.860876 0.642393 0.459943
0.000051 3.860876 0.642394 0.459969
0.000052 3.860885 0.642395 0.459917
0.000054 3.860885 0.642396 0.459943
0.000055 3.860885 0.642396 0.459943
0.000056 3.860885 0.642397 0.459969
0.000058 3.860885 0.642398 0.459943
0.000059 3.860895 0.642399 0.459943
0.000060 3.860895 0.642400 0.459943
0.000062 3.860895 0.642401 0.459944
0.000063 3.860895 0.642402 0.459971
0.000065 3.860904 0.642403 0.459971
0.000066 3.860904 0.642404 0.459971
0.000068 3.860904 0.642406 0.459997
0.000069 3.860904 0.642407 0.459971
0.000071 3.860914 0.642408 0.459944
0.000072 3.860914 0.642409 0.459997
0.000074 3.860914 0.642411 0.459944
0.000076 3.860914 0.642412 0.459944
0.000078 3.860923 0.642414 0.459971
0.000079 3.860923 0.642415 0.459971
0.000081 3.860923 0.642416 0.459944
0.000083 3.860933 0.642418 0.460023
0.000085 3.860933 0.642419 0.459971
0.000087 3.860933 0.642420 0.459971
0.000089 3.860942 0.642422 0.459918
0.000091 3.860942 0.642423 0.459971
0.000093 3.860942 0.642425 0.459944
0.000095 3.860952 0.642426 0.459971
0.000098 3.860952 0.642428 0.459971
0.000100 3.860952 0.642431 0.459944
0.000102 3.860961 0.642432 0.459971
0.000105 3.860961 0.642434 0.459944
0.000107 3.860971 0.642436 0.459944
0.000110 3.860971 0.642438 0.459944
0.000112 3.860971 0.642439 0.459997
0.000115 3.860981 0.642441 0.459892
0.000117 3.860981 0.642443 0.459944
0.000120 3.860990 0.642445 0.459944
0.000123 3.860990 0.642447 0.459944
0.000126 3.860999 0.642449 0.459971
0.000129 3.860999 0.642452 0.459997
0.000132 3.861009 0.642454 0.459944
0.000135 3.861009 0.642457 0.459971
0.000138 3.861018 0.642459 0.459944
0.000141 3.861018 0.642461 0.459971
0.000145 3.861028 0.642464 0.459944
0.000148 3.861028 0.642466 0.459945
0.000151 3.861037 0.642468 0.459945
0.000155 3.861037 0.642472 0.459972
0.000158 3.861047 0.642475 0.459972
0.000162 3.861057 0.642477 0.459945
0.000166 3.861057 0.642480 0.459972
0.000170 3.861066 0.642483 0.459972
0.000174 3.861066 0.642486 0.459972
0.000178 3.861076 0.642488 0.459945
0.000182 3.861085 0.642492 0.459972
0.000186 3.861094 0.642495 0.459945
0.000191 3.861094 0.642499 0.459945
0.000195 3.861104 0.642502 0.459919
0.000200 3.861114 0.642505 0.459945
0.000204 3.861114 0.642508 0.459919
0.000209 3.861123 0.642513 0.459972
0.000214 3.861133 0.642516 0.459945
0.000219 3.861142 0.642520 0.459972
0.000224 3.861152 0.642523 0.459919
0.000229 3.861161 0.642527 0.459973
0.000234 3.861161 0.642532 0.459973
0.000240 3.861171 0.642536 0.459946
0.000245 3.861180 0.642540 0.459973
0.000251 3.861190 0.642544 0.459946
0.000257 3.861199 0.642548 0.459973
0.000263 3.861209 0.642553 0.459946
0.000269 3.861218 0.642558 0.459973
0.000275 3.861227 0.642562 0.459973
0.000282 3.861237 0.642567 0.459946
0.000288 3.861246 0.642573 0.459973
0.000295 3.861256 0.642577 0.459973
0.000302 3.861265 0.642582 0.459946
0.000309 3.861284 0.642587 0.459946
0.000316 3.861294 0.642594 0.459947
0.000324 3.861303 0.642599 0.459974
0.000331 3.861313 0.642604 0.459974
0.000339 3.861332 0.642611 0.459974
0.000347 3.861341 0.642616 0.459947
0.000355 3.861351 0.642622 0.459947
0.000363 3.861361 0.642628 0.459947
0.000372 3.861380 0.642635 0.459947
0.000380 3.861389 0.642641 0.459947
0.000389 3.861408 0.642648 0.459947
0.000398 3.861418 0.642655 0.459975
0.000407 3.861437 0.642662 0.459975
0.000417 3.861446 0.642669 0.459975
0.000427 3.861465 0.642676 0.460001
0.000437 3.861484 0.642684 0.459948
0.000447 3.861494 0.642692 0.459975
0.000457 3.861513 0.642699 0.460001
0.000468 3.861532 0.642707 0.459948
0.000479 3.861541 0.642716 0.459975
0.000490 3.861560 0.642724 0.459976
0.000501 3.861579 0.642733 0.460002
0.000513 3.861598 0.642741 0.459949
0.000525 3.861617 0.642751 0.459949
0.000537 3.861636 0.642760 0.459949
0.000550 3.861655 0.642768 0.460002
0.000562 3.861674 0.642779 0.459949
0.000575 3.861693 0.642788 0.459951
0.000589 3.861712 0.642799 0.459977
0.000603 3.861741 0.642808 0.459951
0.000617 3.861760 0.642819 0.459951
0.000631 3.861778 0.642830 0.459951
0.000646 3.861807 0.642841 0.459977
0.000661 3.861826 0.642853 0.459978
0.000676 3.861855 0.642864 0.459978
0.000692 3.861874 0.642876 0.459978
0.000708 3.861902 0.642888 0.459952
0.000724 3.861930 0.642901 0.460004
0.000741 3.861949 0.642914 0.459953
0.000759 3.861978 0.642926 0.460005
0.000776 3.862006 0.642940 0.459926
0.000794 3.862035 0.642954 0.459953
0.000813 3.862063 0.642967 0.459979
0.000832 3.862092 0.642981 0.459980
0.000851 3.862121 0.642996 0.460006
0.000871 3.862159 0.643010 0.459980
0.000891 3.862187 0.643026 0.460006
0.000912 3.862215 0.643042 0.459928
0.000933 3.862253 0.643058 0.459955
0.000955 3.862282 0.643075 0.459981
0.000977 3.862320 0.643090 0.459955
0.001000 3.862358 0.643108 0.459929
0.001023 3.862396 0.643125 0.459982
0.001047 3.862425 0.643143 0.459982
0.001072 3.862463 0.643162 0.459957
0.001096 3.862510 0.643181 0.459957
0.001122 3.862548 0.643200 0.459983
0.001148 3.862586 0.643220 0.459983
0.001175 3.862624 0.643240 0.459958
0.001202 3.862671 0.643260 0.459958
0.001230 3.862710 0.643281 0.459984
0.001259 3.862757 0.643303 0.459985
0.001288 3.862805 0.643325 0.459985
0.001318 3.862852 0.643347 0.460012
0.001349 3.862899 0.643371 0.459960
0.001380 3.862947 0.643395 0.459960
0.001413 3.862994 0.643419 0.459961
0.001445 3.863051 0.643443 0.459961
0.001479 3.863099 0.643468 0.459987
0.001514 3.863156 0.643495 0.459988
0.001549 3.863213 0.643521 0.459988
0.001585 3.863260 0.643548 0.460016
0.001622 3.863327 0.643576 0.459989
0.001660 3.863384 0.643604 0.459963
0.001698 3.863441 0.643634 0.459991
0.001738 3.863498 0.643663 0.459964
0.001778 3.863564 0.643694 0.459965
0.001820 3.863631 0.643725 0.459992
0.001862 3.863698 0.643757 0.459993
0.001905 3.863764 0.643789 0.459993
0.001950 3.863831 0.643823 0.459994
0.001995 3.863906 0.643857 0.459994
0.002042 3.863973 0.643892 0.460021
0.002089 3.864049 0.643927 0.459996
0.002138 3.864125 0.643964 0.459996
0.002188 3.864201 0.644002 0.459971
0.002239 3.864277 0.644040 0.460023
0.002291 3.864362 0.644079 0.460024
0.002344 3.864448 0.644119 0.459999
0.002399 3.864534 0.644160 0.460025
0.002455 3.864619 0.644202 0.460000
0.002512 3.864705 0.644245 0.460027
0.002570 3.864799 0.644289 0.460027
0.002630 3.864885 0.644335 0.460002
0.002692 3.864980 0.644380 0.460003
0.002754 3.865085 0.644427 0.460003
0.002818 3.865180 0.644476 0.460031
0.002884 3.865284 0.644525 0.460032
0.002951 3.865388 0.644576 0.460006
0.003020 3.865493 0.644627 0.460006
0.003090 3.865597 0.644680 0.460034
0.003162 3.865711 0.644734 0.460008
0.003236 3.865826 0.644790 0.460009
0.003311 3.865949 0.644846 0.459984
0.003388 3.866063 0.644904 0.460012
0.003467 3.866187 0.644963 0.460013
0.003548 3.866310 0.645024 0.460040
0.003631 3.866443 0.645086 0.460015
0.003715 3.866576 0.645149 0.460042
0.003802 3.866709 0.645215 0.460043
0.003890 3.866842 0.645281 0.460018
0.003981 3.866984 0.645348 0.460045
0.004074 3.867127 0.645418 0.460020
0.004169 3.867269 0.645490 0.460021
0.004266 3.867422 0.645562 0.460048
0.004365 3.867573 0.645637 0.460049
0.004467 3.867735 0.645714 0.460024
0.004571 3.867896 0.645792 0.460025
0.004677 3.868058 0.645871 0.460054
0.004786 3.868229 0.645953 0.460081
0.004898 3.868400 0.646036 0.460029
0.005012 3.868580 0.646122 0.460031
0.005129 3.868761 0.646209 0.460059
0.005248 3.868941 0.646299 0.460034
0.005370 3.869132 0.646391 0.460062
0.005495 3.869331 0.646484 0.460037
0.005623 3.869521 0.646580 0.460064
0.005754 3.869730 0.646678 0.460066
0.005888 3.869939 0.646779 0.460068
0.006026 3.870148 0.646881 0.460096
0.006166 3.870367 0.646986 0.460072
0.006310 3.870585 0.647094 0.460073
0.006457 3.870813 0.647204 0.460048
0.006607 3.871051 0.647316 0.460103
0.006761 3.871288 0.647432 0.460078
0.006918 3.871526 0.647550 0.460106
0.007079 3.871773 0.647669 0.460082
0.007244 3.872029 0.647793 0.460084
0.007413 3.872295 0.647919 0.460086
0.007586 3.872561 0.648048 0.460088
0.007762 3.872827 0.648180 0.460117
0.007943 3.873112 0.648316 0.460093
0.008128 3.873397 0.648454 0.460121
0.008318 3.873682 0.648595 0.460097
0.008511 3.873986 0.648740 0.460125
0.008710 3.874290 0.648887 0.460154
0.008913 3.874603 0.649039 0.460077
0.009120 3.874926 0.649194 0.460106
0.009333 3.875249 0.649353 0.460161
0.009550 3.875582 0.649515 0.460137
0.009772 3.875924 0.649680 0.460140
0.010000 3.876275 0.649851 0.460142
0.010233 3.876637 0.650023 0.460145
0.010471 3.877007 0.650201 0.460175
0.010715 3.877378 0.650383 0.460151
0.010965 3.877758 0.650568 0.460127
0.011220 3.878157 0.650759 0.460157
0.011482 3.878555 0.650954 0.460186
0.011749 3.878964 0.651153 0.460162
0.012023 3.879382 0.651356 0.460192
0.012303 3.879819 0.651564 0.460196
0.012589 3.880256 0.651777 0.460199
0.012882 3.880702 0.651995 0.460175
0.013183 3.881168 0.652218 0.460205
0.013490 3.881633 0.652446 0.460182
0.013804 3.882118 0.652679 0.460212
0.014125 3.882612 0.652918 0.460216
0.014454 3.883116 0.653162 0.460193
0.014791 3.883628 0.653412 0.460249
0.015136 3.884161 0.653667 0.460226
0.015488 3.884692 0.653928 0.460257
0.015849 3.885243 0.654196 0.460234
0.016218 3.885814 0.654468 0.460292
0.016596 3.886393 0.654748 0.460242
0.016982 3.886982 0.655035 0.460273
0.017378 3.887580 0.655327 0.460277
0.017783 3.888198 0.655626 0.460308
0.018197 3.888835 0.655933 0.460286
0.018621 3.889481 0.656245 0.460318
0.019055 3.890136 0.656565 0.460322
0.019498 3.890810 0.656893 0.460326
0.019953 3.891504 0.657227 0.460304
0.020417 3.892217 0.657571 0.460336
0.020893 3.892938 0.657921 0.460341
0.021380 3.893679 0.658279 0.460373
0.021878 3.894430 0.658645 0.460298
0.022387 3.895209 0.659020 0.460356
0.022909 3.895998 0.659403 0.460362
0.023442 3.896805 0.659796 0.460366
0.023988 3.897631 0.660197 0.460399
0.024547 3.898477 0.660606 0.460378
0.025119 3.899341 0.661026 0.460437
0.025704 3.900225 0.661455 0.460416
0.026303 3.901137 0.661894 0.460421
0.026915 3.902059 0.662342 0.460455
0.027542 3.903008 0.662800 0.460487
0.028184 3.903977 0.663269 0.460494
0.028840 3.904965 0.663749 0.460474
0.029512 3.905972 0.664239 0.460506
0.030199 3.907008 0.664741 0.460486
0.030903 3.908062 0.665254 0.460519
0.031623 3.909146 0.665778 0.460526
0.032359 3.910257 0.666314 0.460506
0.033113 3.911387 0.666862 0.460540
0.033884 3.912537 0.667423 0.460547
0.034674 3.913724 0.667996 0.460554
0.035481 3.914931 0.668582 0.460534
0.036308 3.916166 0.669181 0.460595
0.037154 3.917429 0.669794 0.460602
0.038019 3.918721 0.670419 0.460611
0.038904 3.920042 0.671060 0.460644
0.039811 3.921391 0.671714 0.460653
0.040738 3.922769 0.672383 0.460634
0.041687 3.924184 0.673067 0.460668
0.042658 3.925628 0.673766 0.460702
0.043652 3.927100 0.674481 0.460712
0.044668 3.928601 0.675212 0.460692
0.045709 3.930140 0.675959 0.460755
0.046774 3.931717 0.676722 0.460736
0.047863 3.933332 0.677502 0.460744
0.048978 3.934976 0.678300 0.460807
0.050119 3.936657 0.679116 0.460787
0.051286 3.938367 0.679948 0.460825
0.052481 3.940125 0.680801 0.460806
0.053703 3.941921 0.681671 0.460842
0.054954 3.943754 0.682561 0.460879
0.056234 3.945625 0.683469 0.460860
0.057544 3.947545 0.684399 0.460897
0.058884 3.949502 0.685348 0.460905
0.060256 3.951506 0.686319 0.460941
0.061660 3.953549 0.687311 0.460923
0.063096 3.955638 0.688323 0.460987
0.064565 3.957767 0.689359 0.460997
0.066069 3.959951 0.690417 0.461034
0.067608 3.962175 0.691498 0.461015
0.069183 3.964454 0.692602 0.461080
0.070795 3.966773 0.693731 0.461061
0.072444 3.969147 0.694883 0.461069
0.074131 3.971580 0.696061 0.461135
0.075858 3.974059 0.697264 0.461116
0.077625 3.976586 0.698493 0.461181
0.079433 3.979170 0.699748 0.461162
0.081283 3.981811 0.701031 0.461227
0.083176 3.984509 0.702341 0.461236
0.085114 3.987274 0.703679 0.461216
0.087096 3.990085 0.705045 0.461282
0.089125 3.992955 0.706441 0.461262
0.091201 3.995890 0.707866 0.461298
0.093325 3.998892 0.709322 0.461334
0.095499 4.001951 0.710809 0.461317
0.097724 4.005076 0.712327 0.461379
0.100000 4.008269 0.713878 0.461387
0.102329 4.011527 0.715460 0.461423
0.104713 4.014862 0.717077 0.461401
0.107152 4.018253 0.718727 0.461494
0.109648 4.021720 0.720412 0.461500
0.112202 4.025264 0.722133 0.461507
0.114815 4.028883 0.723888 0.461514
0.117490 4.032569 0.725681 0.461520
0.120226 4.036341 0.727511 0.461609
0.123027 4.040179 0.729379 0.461587
0.125893 4.044102 0.731285 0.461592
0.128825 4.048111 0.733232 0.461655
0.131826 4.052197 0.735218 0.461684
0.134896 4.056367 0.737244 0.461687
0.138038 4.060623 0.739313 0.461661
0.141254 4.064965 0.741423 0.461751
0.144544 4.069401 0.743578 0.461781
0.147911 4.073923 0.745775 0.461780
0.151356 4.078530 0.748017 0.461812
0.154882 4.083233 0.750305 0.461839
0.158489 4.088040 0.752639 0.461839
0.162181 4.092933 0.755020 0.461838
0.165959 4.097929 0.757448 0.461892
0.169824 4.103031 0.759925 0.461858
0.173780 4.108228 0.762453 0.461943
0.177828 4.113519 0.765029 0.461935
0.181970 4.118925 0.767658 0.461957
0.186209 4.124444 0.770338 0.461953
0.190546 4.130059 0.773072 0.461972
0.194984 4.135787 0.775859 0.462019
0.199526 4.141639 0.778700 0.462036
0.204174 4.147595 0.781598 0.462023
0.208930 4.153666 0.784552 0.462071
0.213796 4.159860 0.787563 0.462083
0.218776 4.166168 0.790633 0.462097
0.223872 4.172599 0.793761 0.462075
0.229087 4.179154 0.796951 0.462145
0.234423 4.185843 0.800201 0.462094
0.239883 4.192645 0.803514 0.462102
0.245471 4.199589 0.806889 0.462104
0.251189 4.206657 0.810328 0.462138
0.257040 4.213867 0.813834 0.462135
0.263027 4.221201 0.817404 0.462135
0.269153 4.228688 0.821043 0.462133
0.275423 4.236297 0.824748 0.462157
0.281838 4.244059 0.828524 0.462143
0.288403 4.251972 0.832369 0.462135
0.295121 4.260018 0.836286 0.462120
0.301995 4.268217 0.840276 0.462140
0.309030 4.276567 0.844338 0.462087
0.316228 4.285079 0.848475 0.462036
0.323594 4.293734 0.852686 0.462071
0.331131 4.302550 0.856976 0.462076
0.338844 4.311527 0.861342 0.462048
0.346737 4.320666 0.865786 0.462012
0.354813 4.329977 0.870312 0.461979
0.363078 4.339448 0.874917 0.461967
0.371535 4.349091 0.879605 0.461923
0.380189 4.358894 0.884376 0.461873
0.389045 4.368889 0.889232 0.461857
0.398107 4.379044 0.894172 0.461832
0.407380 4.389390 0.899199 0.461768
0.416869 4.399916 0.904314 0.461743
0.426580 4.410622 0.909517 0.461676
0.436516 4.421509 0.914811 0.461625
0.446684 4.432596 0.920195 0.461554
0.457088 4.443862 0.925672 0.461531
0.467735 4.455338 0.931242 0.461477
0.478630 4.466995 0.936907 0.461388
0.489779 4.478860 0.942668 0.461320
0.501187 4.490926 0.948526 0.461252
0.512861 4.503200 0.954482 0.461111
0.524807 4.515673 0.960538 0.461032
0.537032 4.528355 0.966694 0.460908
0.549541 4.541256 0.972951 0.460853
0.562341 4.554366 0.979312 0.460724
0.575440 4.567705 0.985777 0.460646
0.588844 4.581252 0.992346 0.460533
0.602560 4.595026 0.999023 0.460419
0.616595 4.609030 1.005808 0.460253
0.630957 4.623260 1.012701 0.460126
0.645654 4.637720 1.019705 0.459988
0.660693 4.652416 1.026821 0.459848
0.676083 4.667350 1.034048 0.459725
0.691831 4.682531 1.041391 0.459529
0.707946 4.697949 1.048848 0.459357
0.724436 4.713615 1.056421 0.459175
0.741310 4.729527 1.064116 0.458999
0.758578 4.745697 1.071926 0.458762
0.776247 4.762122 1.079853 0.458605
0.794328 4.778804 1.087905 0.458392
0.812831 4.795743 1.096074 0.458173
0.831764 4.812956 1.104379 0.457973
0.851138 4.830427 1.112800 0.457742
0.870964 4.848183 1.121347 0.457499
0.891251 4.866204 1.130032 0.457237
0.912011 4.884501 1.138832 0.457007
0.933254 4.903083 1.147768 0.456726
0.954993 4.921950 1.156832 0.456469
0.977237 4.941102 1.166032 0.456185
1.000000 4.960539 1.175368 0.455944
1.023290 4.980280 1.184842 0.455592
1.047130 5.000316 1.194442 0.455297
1.071520 5.020655 1.204190 0.454958
1.096480 5.041299 1.214074 0.454668
1.122020 5.062246 1.224095 0.454269
1.148150 5.083507 1.234253 0.453889
1.174900 5.105091 1.244558 0.453585
1.202260 5.126988 1.255011 0.453173
1.230270 5.149209 1.265611 0.452798
1.258930 5.171752 1.276347 0.452366
1.288250 5.194629 1.287242 0.451972
1.318260 5.217837 1.298274 0.451527
1.348960 5.241387 1.309463 0.451090
1.380380 5.265280 1.320800 0.450656
1.412540 5.289524 1.332295 0.450151
1.445440 5.314110 1.343937 0.449699
1.479110 5.339057 1.355737 0.449206
1.513560 5.364356 1.367695 0.448746
1.548820 5.390015 1.379810 0.448245
1.584890 5.416045 1.392084 0.447683
1.621810 5.442445 1.404516 0.447136
1.659590 5.469226 1.417116 0.446578
1.698240 5.496387 1.429874 0.446021
1.737800 5.523927 1.442790 0.445419
1.778280 5.551847 1.455884 0.444738
1.819700 5.580176 1.469137 0.444202
1.862090 5.608895 1.482547 0.443568
1.905460 5.638012 1.496137 0.442883
1.949840 5.667548 1.509895 0.442272
1.995260 5.697492 1.523821 0.441599
2.041740 5.727845 1.537926 0.440936
2.089300 5.758625 1.552200 0.440186
2.137960 5.789832 1.566642 0.439442
2.187760 5.821476 1.581274 0.438700
2.238720 5.853549 1.596074 0.437945
2.290870 5.886067 1.611053 0.437241
2.344230 5.919041 1.626210 0.436401
2.398830 5.952453 1.641547 0.435640
2.454710 5.986340 1.657063 0.434807
2.511890 6.020682 1.672768 0.433946
2.570400 6.055490 1.688653 0.433125
2.630270 6.090782 1.704726 0.432259
2.691530 6.126550 1.720979 0.431346
2.754230 6.162802 1.737432 0.430431
2.818380 6.199548 1.754063 0.429514
2.884030 6.236798 1.770884 0.428611
2.951210 6.274551 1.787895 0.427622
3.019950 6.312817 1.805095 0.426637
3.090300 6.351605 1.822495 0.425708
3.162280 6.390907 1.840084 0.424611
3.235940 6.430749 1.857863 0.423573
3.311310 6.471124 1.875853 0.422499
3.388440 6.512041 1.894021 0.421511
3.467370 6.553508 1.912400 0.420392
3.548130 6.595536 1.930979 0.419311
3.630780 6.638134 1.949747 0.418205
3.715350 6.681293 1.968726 0.417033
3.801890 6.725040 1.987895 0.415895
3.890450 6.769377 2.007284 0.414694
3.981070 6.814302 2.026863 0.413528
4.073800 6.859827 2.046653 0.412307
4.168690 6.905968 2.066642 0.411000
4.265800 6.952727 2.086842 0.409767
4.365160 7.000103 2.107253 0.408509
4.466840 7.048126 2.127874 0.407248
4.570880 7.096785 2.148695 0.405957
4.677350 7.146090 2.169726 0.404689
4.786300 7.196060 2.190979 0.403247
4.897790 7.246695 2.212432 0.401899
5.011870 7.298014 2.234105 0.400577
5.128610 7.350007 2.255989 0.399067
5.248070 7.402704 2.278095 0.397657
5.370320 7.456103 2.300411 0.396238
5.495410 7.510215 2.322937 0.394792
5.623410 7.565050 2.345684 0.393313
5.754400 7.620625 2.368653 0.391828
5.888440 7.676931 2.391831 0.390271
6.025600 7.733998 2.415232 0.388806
6.165950 7.791823 2.438853 0.387303
6.309570 7.850430 2.462695 0.385740
6.456540 7.909814 2.486758 0.384163
6.606930 7.970006 2.511042 0.382543
6.760830 8.030986 2.535547 0.380905
6.918310 8.092803 2.560274 0.379185
7.079460 8.155437 2.585221 0.377549
7.244360 8.218916 2.610400 0.376033
7.413100 8.283240 2.635800 0.374214
7.585780 8.348439 2.661421 0.372485
7.762470 8.414502 2.687263 0.370791
7.943280 8.481467 2.713337 0.369037
8.128310 8.549326 2.739642 0.367246
8.317640 8.618105 2.766169 0.365482
8.511380 8.687807 2.792916 0.363738
8.709640 8.758450 2.819895 0.361904
8.912510 8.830050 2.847105 0.360095
9.120110 8.902612 2.874537 0.358260
9.332540 8.976161 2.902200 0.356384
9.549930 9.050707 2.930095 0.354494
9.772370 9.126261 2.958211 0.352629
10.000000 9.202840 2.986558 0.350718
10.232900 9.280465 3.015126 0.348772
10.471300 9.359134 3.043937 0.346769
10.715200 9.438887 3.072968 0.344828
10.964800 9.519760 3.102232 0.342892
11.220200 9.601650 3.131727 0.340898
11.481500 9.684680 3.161442 0.338922
11.749000 9.768945 3.191390 0.336912
12.022600 9.854255 3.221568 0.334902
12.302700 9.940800 3.251979 0.332865
12.589300 10.028485 3.282610 0.330824
12.882500 10.117405 3.313474 0.328649
13.182600 10.207560 3.344568 0.326581
13.489600 10.298949 3.375884 0.324577
13.803800 10.391576 3.407432 0.322447
14.125400 10.485530 3.439211 0.320356
14.454400 10.580720 3.471211 0.318161
14.791100 10.677239 3.503442 0.316072
15.135600 10.775186 3.535895 0.313866
15.488200 10.874365 3.568579 0.311737
15.848900 10.975065 3.601484 0.309521
16.218100 11.077095 3.634610 0.307468
16.595900 11.180550 3.667969 0.305195
16.982401 11.285430 3.701547 0.302992
17.378000 11.391829 3.735347 0.300781
17.782801 11.499656 3.769368 0.298536
18.197001 11.609096 3.803611 0.296271
18.620899 11.720055 3.838084 0.294078
19.054600 11.832536 3.872768 0.291777
19.498400 11.946630 3.907674 0.289476
19.952600 12.062340 3.942790 0.287253
20.417400 12.179665 3.978137 0.284983
20.893000 12.298700 4.013695 0.282629
21.379601 12.419350 4.049463 0.280441
21.877600 12.541804 4.085442 0.278045
22.387199 12.665970 4.121642 0.275771
22.908701 12.791941 4.158052 0.273421
23.442301 12.919715 4.194674 0.271105
23.988300 13.049295 4.231505 0.268804
24.547100 13.180776 4.268548 0.266435
25.118900 13.314156 4.305789 0.264064
25.704000 13.449435 4.343242 0.261831
26.302700 13.586710 4.380895 0.259422
26.915300 13.725980 4.418747 0.257058
27.542299 13.867246 4.456800 0.254707
28.183800 14.010600 4.495063 0.252415
28.840300 14.156045 4.533516 0.250048
29.512100 14.303580 4.572158 0.247677
30.199499 14.453300 4.611000 0.245300
30.903000 14.605206 4.650042 0.242905
31.622801 14.759295 4.689263 0.240565
32.359402 14.915760 4.728684 0.238192
33.113098 15.074505 4.768284 0.235825
33.884399 15.235529 4.808063 0.233443
34.673698 15.399024 4.848032 0.231046
35.481300 15.564895 4.888179 0.228603
36.307800 15.733330 4.928505 0.226304
37.153500 15.904236 4.969000 0.224018
38.018902 16.077705 5.009684 0.221526
38.904499 16.253740 5.050526 0.219209
39.810699 16.432436 5.091537 0.216832
40.737999 16.613789 5.132726 0.214522
41.686901 16.797899 5.174063 0.212117
42.658001 16.984859 5.215569 0.209685
43.651600 17.174576 5.257242 0.207433
44.668400 17.367235 5.299063 0.205022
45.708801 17.562840 5.341032 0.202749
46.773499 17.761389 5.383158 0.200412
47.862999 17.962980 5.425432 0.198026
48.977901 18.167704 5.467853 0.195749
50.118698 18.375469 5.510410 0.193354
51.286098 18.586559 5.553105 0.191060
52.480701 18.800880 5.595948 0.188716
53.703201 19.018429 5.638905 0.186515
54.954102 19.239401 5.682011 0.184109
56.234100 19.463886 5.725232 0.181829
57.543999 19.691792 5.768579 0.179571
58.884399 19.923306 5.812042 0.177258
60.256001 20.158335 5.855621 0.174999
61.659500 20.397163 5.899316 0.172666
63.095699 20.639700 5.943126 0.170404
64.565399 20.886129 5.987031 0.168208
66.069298 21.136360 6.031053 0.165905
67.608299 21.390579 6.075158 0.163645
69.183098 21.648884 6.119368 0.161443
70.794601 21.911276 6.163663 0.159284
72.443604 22.177845 6.208042 0.157137
74.130997 22.448689 6.252516 0.154917
75.857803 22.723906 6.297063 0.152681
77.624702 23.003489 6.341684 0.150475
79.432800 23.287636 6.386379 0.148373
81.283096 23.576340 6.431137 0.146274
83.176399 23.869699 6.475958 0.144088
85.113800 24.167810 6.520842 0.141948
87.096397 24.470860 6.565779 0.139758
89.125099 24.778753 6.610758 0.137761
91.201103 25.091684 6.655789 0.135620
93.325401 25.409840 6.700863 0.133523
95.499298 25.733124 6.745979 0.131553
97.723701 26.061729 6.791116 0.129451
100.000000 26.395845 6.836284 0.127441
102.329002 26.735470 6.881484 0.125347
104.712997 27.080700 6.926695 0.123378
107.152000 27.431631 6.971916 0.121437
109.648003 27.788450 7.017147 0.119462
112.202003 28.151255 7.062389 0.117432
114.815002 28.520140 7.107621 0.115544
117.489998 28.895201 7.152853 0.113622
120.225998 29.276625 7.198074 0.111634
123.027000 29.664415 7.243274 0.109755
125.892998 30.058855 7.288453 0.107874
128.824997 30.459944 7.333611 0.105989
131.826004 30.867876 7.378737 0.104180
134.895996 31.282740 7.423821 0.102261
138.037994 31.704731 7.468863 0.100461
141.253998 32.133938 7.513863 0.098727
144.544006 32.570465 7.558811 0.096896
147.910995 33.014591 7.603694 0.095204
151.356003 33.466316 7.648526 0.093352
154.882004 33.925922 7.693284 0.091635
158.488998 34.393517 7.737958 0.089947
162.181000 34.869179 7.782568 0.088225
165.959000 35.353207 7.827084 0.086517
169.824005 35.845684 7.871505 0.084908
173.779999 36.346809 7.915832 0.083188
177.828003 36.856770 7.960063 0.081556
181.970001 37.375660 8.004179 0.079932
186.209000 37.903767 8.048179 0.078317
190.546005 38.441277 8.092063 0.076797
194.983994 38.988285 8.135821 0.075256
199.526001 39.544987 8.179453 0.073718
204.173996 40.111660 8.222947 0.072161
208.929993 40.688503 8.266294 0.070677
213.796005 41.275696 8.309495 0.069140
218.776001 41.873436 8.352536 0.067661
223.871994 42.482006 8.395421 0.066235
229.087006 43.101593 8.438136 0.064828
234.423004 43.732300 8.480684 0.063390
239.882996 44.374592 8.523043 0.061973
245.470993 45.028572 8.565231 0.060601
251.188995 45.694431 8.607221 0.059289
257.040009 46.372635 8.649011 0.057921
263.027008 47.063190 8.690600 0.056544
269.153015 47.766472 8.731990 0.055191
275.423004 48.482777 8.773148 0.053939
281.838013 49.212280 8.814095 0.052644
288.403015 49.955368 8.854821 0.051406
295.121002 50.712330 8.895305 0.050198
301.994995 51.483353 8.935547 0.048970
309.029999 52.268806 8.975547 0.047771
316.227997 53.068993 9.015295 0.046594
323.593994 53.884285 9.054790 0.045410
331.131012 54.714870 9.094022 0.044265
338.843994 55.561226 9.132978 0.043192
346.737000 56.423538 9.171653 0.042086
354.812988 57.302288 9.210052 0.040995
363.078003 58.197853 9.248168 0.039898
371.535004 59.110424 9.285989 0.038810
380.188995 60.040474 9.323505 0.037774
389.045013 60.988388 9.360716 0.036795
398.106995 61.954632 9.397610 0.035733
407.380005 62.939400 9.434189 0.034775
416.868988 63.943264 9.470452 0.033820
426.579987 64.966705 9.506379 0.032844
436.515991 66.009895 9.541968 0.031933
446.683990 67.073517 9.577210 0.031016
457.088013 68.157944 9.612116 0.030135
467.734985 69.263649 9.646652 0.029216
478.630005 70.391014 9.680842 0.028453
489.778992 71.540604 9.714664 0.027554
501.187012 72.712906 9.748116 0.026632
512.861023 73.908478 9.781190 0.025886
524.807007 75.127808 9.813874 0.025085
537.031982 76.371353 9.846179 0.024322
549.541016 77.639694 9.878084 0.023508
562.341003 78.933502 9.909590 0.022810
575.440002 80.253242 9.940695 0.022005
588.843994 81.599495 9.971378 0.021319
602.559998 82.972900 10.001663 0.020588
616.594971 84.374161 10.031515 0.019950
630.956970 85.803719 10.060937 0.019226
645.653992 87.262444 10.089936 0.018562
660.692993 88.750801 10.118495 0.017920
676.083008 90.269569 10.146611 0.017256
691.830994 91.819496 10.174273 0.016702
707.945984 93.401245 10.201494 0.016060
724.435974 95.015198 10.228252 0.015483
741.309998 96.663452 10.254548 0.014863
758.578003 98.344955 10.280368 0.014311
776.247009 100.061600 10.305726 0.013747
794.328003 101.814346 10.330600 0.013167
812.830994 103.603203 10.355000 0.012744
831.763977 105.429100 10.378905 0.012204
851.138000 107.293953 10.402326 0.011701
870.963989 109.197746 10.425252 0.011206
891.250977 111.141449 10.447674 0.010731
912.010986 113.125999 10.469589 0.010241
933.254028 115.153297 10.491011 0.009815
954.992981 117.223351 10.511906 0.009362
977.237000 119.337097 10.532316 0.008942
1000.000000 121.496452 10.552105 0.008486
1023.289978 123.702347 10.571474 0.008125
1047.130005 125.954803 10.590316 0.007729
1071.520020 128.255692 10.608526 0.007378
1096.479980 130.606003 10.626316 0.006959
1122.020020 133.007599 10.643475 0.006630
1148.150024 135.461456 10.660211 0.006274
1174.900024 137.968491 10.676315 0.005910
1202.260010 140.529694 10.691895 0.005628
1230.270020 143.146942 10.706842 0.005335
1258.930054 145.822144 10.721368 0.004996
1288.250000 148.555298 10.735263 0.004654
1318.260010 151.348297 10.748631 0.004394
1348.959961 154.204010 10.761369 0.004099
1380.380005 157.121460 10.773580 0.003847
1412.540039 160.104462 10.785263 0.003560
1445.439941 163.153946 10.796316 0.003322
1479.109985 166.270905 10.806737 0.003067
1513.560059 169.457214 10.816737 0.002822
1548.819946 172.715698 10.826000 0.002618
1584.890015 176.046402 10.834843 0.002383
1621.810059 179.452148 10.842948 0.002184
1659.589966 182.934860 10.850632 0.001962
1698.239990 186.496399 10.857579 0.001782
1737.800049 190.138702 10.863999 0.001559
