Pressure (Mbar) | Density (g cm^-3) | dP/dRho (Mbar g^-1 cm^3) | d^2P/dRho^2 (Mbar g^-2 cm^6) 

1e-05 4.25602 0.626419 0.535736
1.02329e-05 4.25602 0.62642 0.535761
1.04713e-05 4.25602 0.62642 0.535736
1.07152e-05 4.25602 0.62642 0.53576
1.09648e-05 4.25602 0.62642 0.53576
1.12202e-05 4.25602 0.626421 0.53576
1.14815e-05 4.25602 0.626421 0.53576
1.1749e-05 4.25602 0.626421 0.535736
1.20226e-05 4.25602 0.626421 0.535711
1.23027e-05 4.25602 0.626421 0.535735
1.25893e-05 4.25602 0.626422 0.535735
1.28825e-05 4.25602 0.626422 0.535735
1.31826e-05 4.25602 0.626422 0.535784
1.34896e-05 4.25602 0.626422 0.535784
1.38038e-05 4.25602 0.626423 0.535759
1.41254e-05 4.25602 0.626423 0.535759
1.44544e-05 4.25602 0.626423 0.535734
1.47911e-05 4.25602 0.626424 0.535759
1.51356e-05 4.25602 0.626424 0.535734
1.54882e-05 4.25602 0.626424 0.535734
1.58489e-05 4.25603 0.626424 0.535758
1.62181e-05 4.25603 0.626425 0.535758
1.65959e-05 4.25603 0.626425 0.535709
1.69824e-05 4.25603 0.626425 0.535733
1.7378e-05 4.25603 0.626426 0.535807
1.77828e-05 4.25603 0.626426 0.535758
1.8197e-05 4.25603 0.626426 0.535708
1.86209e-05 4.25603 0.626427 0.535733
1.90546e-05 4.25603 0.626427 0.535733
1.94984e-05 4.25603 0.626428 0.535732
1.99526e-05 4.25603 0.626428 0.535781
2.04174e-05 4.25603 0.626428 0.535756
2.0893e-05 4.25603 0.626429 0.535732
2.13796e-05 4.25603 0.626429 0.535756
2.18776e-05 4.25603 0.62643 0.535756
2.23872e-05 4.25604 0.62643 0.535731
2.29087e-05 4.25604 0.626431 0.535755
2.34423e-05 4.25604 0.626431 0.535755
2.39883e-05 4.25604 0.626431 0.535755
2.45471e-05 4.25604 0.626432 0.535779
2.51189e-05 4.25604 0.626432 0.535755
2.5704e-05 4.25604 0.626433 0.53573
2.63027e-05 4.25604 0.626433 0.535754
2.69153e-05 4.25604 0.626434 0.535778
2.75423e-05 4.25604 0.626434 0.535778
2.81838e-05 4.25604 0.626435 0.535778
2.88403e-05 4.25605 0.626436 0.535753
2.95121e-05 4.25605 0.626436 0.535753
3.01995e-05 4.25605 0.626437 0.535752
3.0903e-05 4.25605 0.626437 0.535752
3.16228e-05 4.25605 0.626438 0.535776
3.23594e-05 4.25605 0.626439 0.535776
3.31131e-05 4.25605 0.626439 0.535751
3.38844e-05 4.25605 0.62644 0.535751
3.46737e-05 4.25606 0.626441 0.535751
3.54813e-05 4.25606 0.626441 0.53575
3.63078e-05 4.25606 0.626442 0.535774
3.71535e-05 4.25606 0.626443 0.535725
3.80189e-05 4.25606 0.626443 0.535774
3.89045e-05 4.25606 0.626444 0.535773
3.98107e-05 4.25606 0.626445 0.535798
4.0738e-05 4.25607 0.626446 0.535748
4.16869e-05 4.25607 0.626447 0.535797
4.2658e-05 4.25607 0.626447 0.535772
4.36516e-05 4.25607 0.626448 0.535747
4.46684e-05 4.25607 0.626449 0.535747
4.57088e-05 4.25607 0.62645 0.535771
4.67735e-05 4.25607 0.626451 0.53577
4.7863e-05 4.25608 0.626452 0.53577
4.89779e-05 4.25608 0.626453 0.535769
5.01187e-05 4.25608 0.626454 0.535744
5.12861e-05 4.25608 0.626455 0.535793
5.24807e-05 4.25608 0.626456 0.535768
5.37032e-05 4.25609 0.626457 0.535767
5.49541e-05 4.25609 0.626458 0.535767
5.62341e-05 4.25609 0.626459 0.535766
5.7544e-05 4.25609 0.62646 0.535766
5.88844e-05 4.25609 0.626461 0.535741
6.0256e-05 4.2561 0.626462 0.535814
6.16595e-05 4.2561 0.626464 0.535764
6.30957e-05 4.2561 0.626465 0.535739
6.45654e-05 4.2561 0.626466 0.535763
6.60693e-05 4.25611 0.626467 0.535762
6.76083e-05 4.25611 0.626469 0.535762
6.91831e-05 4.25611 0.62647 0.535785
7.07946e-05 4.25611 0.626471 0.535711
7.24436e-05 4.25612 0.626473 0.53576
7.4131e-05 4.25612 0.626474 0.535759
7.58578e-05 4.25612 0.626476 0.535758
7.76247e-05 4.25612 0.626477 0.535782
7.94328e-05 4.25613 0.626479 0.535781
8.12831e-05 4.25613 0.62648 0.535781
8.31764e-05 4.25613 0.626482 0.53578
8.51138e-05 4.25614 0.626484 0.53573
8.70964e-05 4.25614 0.626485 0.535778
8.91251e-05 4.25614 0.626487 0.535777
9.12011e-05 4.25615 0.626489 0.535801
9.33254e-05 4.25615 0.626491 0.535702
9.54993e-05 4.25615 0.626493 0.535775
9.77237e-05 4.25616 0.626494 0.535749
0.0001 4.25616 0.626496 0.535748
0.000102329 4.25616 0.626498 0.535747
0.000104713 4.25617 0.6265 0.535795
0.000107152 4.25617 0.626503 0.535794
0.000109648 4.25618 0.626505 0.535744
0.000112202 4.25618 0.626507 0.535768
0.000114815 4.25618 0.626509 0.535767
0.00011749 4.25619 0.626511 0.53579
0.000120226 4.25619 0.626514 0.53574
0.000123027 4.2562 0.626516 0.535763
0.000125893 4.2562 0.626519 0.535787
0.000128825 4.25621 0.626521 0.535761
0.000131826 4.25621 0.626524 0.535784
0.000134896 4.25622 0.626526 0.535758
0.000138038 4.25622 0.626529 0.535782
0.000141254 4.25623 0.626532 0.535756
0.000144544 4.25623 0.626535 0.535779
0.000147911 4.25624 0.626537 0.535778
0.000151356 4.25624 0.62654 0.535776
0.000154882 4.25625 0.626543 0.535799
0.000158489 4.25625 0.626546 0.535798
0.000162181 4.25626 0.62655 0.535796
0.000165959 4.25626 0.626553 0.535795
0.000169824 4.25627 0.626556 0.535793
0.00017378 4.25628 0.62656 0.535792
0.000177828 4.25628 0.626563 0.535814
0.00018197 4.25629 0.626567 0.535739
0.000186209 4.2563 0.62657 0.535811
0.000190546 4.2563 0.626574 0.53576
0.000194984 4.25631 0.626578 0.535807
0.000199526 4.25632 0.626582 0.535781
0.000204174 4.25633 0.626586 0.535804
0.00020893 4.25633 0.62659 0.535777
0.000213796 4.25634 0.626594 0.535775
0.000218776 4.25635 0.626598 0.535773
0.000223872 4.25636 0.626602 0.53582
0.000229087 4.25637 0.626607 0.535769
0.000234423 4.25637 0.626611 0.535767
0.000239883 4.25638 0.626616 0.535789
0.000245471 4.25639 0.626621 0.535811
0.000251189 4.2564 0.626626 0.535784
0.00025704 4.25641 0.626631 0.535831
0.000263027 4.25642 0.626636 0.535828
0.000269153 4.25643 0.626641 0.535801
0.000275423 4.25644 0.626646 0.535823
0.000281838 4.25645 0.626652 0.535796
0.000288403 4.25646 0.626658 0.535818
0.000295121 4.25647 0.626663 0.535815
0.000301995 4.25648 0.626669 0.535812
0.00030903 4.25649 0.626675 0.535834
0.000316228 4.2565 0.626681 0.535831
0.000323594 4.25652 0.626688 0.535828
0.000331131 4.25653 0.626694 0.535825
0.000338844 4.25654 0.626701 0.535846
0.000346737 4.25655 0.626707 0.535843
0.000354813 4.25657 0.626714 0.53584
0.000363078 4.25658 0.626721 0.535812
0.000371535 4.25659 0.626729 0.535857
0.000380189 4.25661 0.626736 0.53578
0.000389045 4.25662 0.626744 0.535826
0.000398107 4.25664 0.626751 0.535895
0.00040738 4.25665 0.626759 0.535818
0.000416869 4.25667 0.626767 0.535863
0.00042658 4.25668 0.626776 0.535835
0.000436516 4.2567 0.626784 0.535831
0.000446684 4.25671 0.626793 0.535851
0.000457088 4.25673 0.626802 0.535871
0.000467735 4.25675 0.626811 0.535842
0.00047863 4.25676 0.62682 0.535862
0.000489779 4.25678 0.62683 0.535858
0.000501187 4.2568 0.626839 0.535853
0.000512861 4.25682 0.626849 0.535897
0.000524807 4.25684 0.62686 0.535892
0.000537032 4.25686 0.62687 0.535863
0.000549541 4.25688 0.626881 0.535882
0.000562341 4.2569 0.626892 0.535926
0.00057544 4.25692 0.626903 0.535945
0.000588844 4.25694 0.626914 0.535866
0.00060256 4.25696 0.626926 0.53591
0.000616595 4.25698 0.626938 0.535928
0.000630957 4.25701 0.62695 0.535873
0.000645654 4.25703 0.626963 0.535892
0.000660693 4.25705 0.626976 0.53591
0.000676083 4.25708 0.626989 0.535953
0.000691831 4.2571 0.627002 0.535922
0.000707946 4.25713 0.627016 0.535891
0.000724436 4.25716 0.62703 0.535958
0.00074131 4.25718 0.627045 0.536
0.000758578 4.25721 0.627059 0.535944
0.000776247 4.25724 0.627075 0.535912
0.000794328 4.25727 0.62709 0.535953
0.000812831 4.2573 0.627106 0.535921
0.000831764 4.25733 0.627122 0.535914
0.000851138 4.25736 0.627139 0.535955
0.000870964 4.25739 0.627156 0.535946
0.000891251 4.25742 0.627173 0.536012
0.000912011 4.25746 0.627191 0.535979
0.000933254 4.25749 0.627209 0.53597
0.000954993 4.25752 0.627227 0.535961
0.000977237 4.25756 0.627246 0.535976
0.001 4.2576 0.627266 0.536016
0.00102329 4.25763 0.627286 0.536031
0.00104713 4.25767 0.627306 0.536021
0.00107152 4.25771 0.627327 0.536036
0.00109648 4.25775 0.627348 0.536025
0.00112202 4.25779 0.62737 0.536039
0.00114815 4.25783 0.627392 0.536029
0.0011749 4.25787 0.627415 0.536018
0.00120226 4.25792 0.627439 0.536055
0.00123027 4.25796 0.627463 0.536044
0.00125893 4.25801 0.627487 0.536081
0.00128825 4.25805 0.627512 0.536094
0.00131826 4.2581 0.627538 0.536155
0.00134896 4.25815 0.627564 0.536118
0.00138038 4.2582 0.627591 0.536056
0.00141254 4.25825 0.627618 0.536116
0.00144544 4.25831 0.627646 0.536103
0.00147911 4.25836 0.627675 0.536113
0.00151356 4.25841 0.627705 0.536148
0.00154882 4.25847 0.627735 0.536109
0.00158489 4.25853 0.627765 0.536119
0.00162181 4.25859 0.627797 0.536202
0.00165959 4.25865 0.627829 0.536186
0.00169824 4.25871 0.627862 0.536195
0.0017378 4.25877 0.627896 0.536203
0.00177828 4.25884 0.627931 0.536211
0.0018197 4.2589 0.627966 0.536219
0.00186209 4.25897 0.628002 0.53625
0.00190546 4.25904 0.628039 0.536184
0.00194984 4.25911 0.628077 0.536263
0.00199526 4.25918 0.628116 0.536245
0.00204174 4.25925 0.628156 0.536299
0.0020893 4.25933 0.628196 0.536304
0.00213796 4.25941 0.628238 0.536309
0.00218776 4.25949 0.62828 0.536288
0.00223872 4.25957 0.628324 0.536341
0.00229087 4.25965 0.628368 0.536344
0.00234423 4.25974 0.628414 0.536371
0.00239883 4.25982 0.62846 0.536349
0.00245471 4.25991 0.628508 0.536375
0.00251189 4.26 0.628557 0.536376
0.0025704 4.2601 0.628607 0.536401
0.00263027 4.26019 0.628658 0.53645
0.00269153 4.26029 0.62871 0.536449
0.00275423 4.26039 0.628764 0.536472
0.00281838 4.26049 0.628818 0.536495
0.00288403 4.2606 0.628874 0.536493
0.00295121 4.2607 0.628932 0.536465
0.00301995 4.26081 0.62899 0.536535
0.0030903 4.26092 0.62905 0.536531
0.00316228 4.26104 0.629112 0.536574
0.00323594 4.26115 0.629175 0.536544
0.00331131 4.26127 0.629239 0.536562
0.00338844 4.2614 0.629305 0.536629
0.00346737 4.26152 0.629372 0.53667
0.00354813 4.26165 0.629441 0.536612
0.00363078 4.26178 0.629511 0.536676
0.00371535 4.26192 0.629583 0.536691
0.00380189 4.26205 0.629657 0.536704
0.00389045 4.26219 0.629733 0.536766
0.00398107 4.26234 0.62981 0.536802
0.0040738 4.26249 0.629889 0.536789
0.00416869 4.26264 0.62997 0.536848
0.0042658 4.26279 0.630052 0.536833
0.00436516 4.26295 0.630137 0.536914
0.00446684 4.26311 0.630224 0.536873
0.00457088 4.26327 0.630312 0.536928
0.00467735 4.26344 0.630403 0.537007
0.0047863 4.26362 0.630496 0.536987
0.00489779 4.26379 0.630591 0.53699
0.00501187 4.26397 0.630688 0.537066
0.00512861 4.26416 0.630787 0.537042
0.00524807 4.26435 0.630889 0.537091
0.00537032 4.26454 0.630993 0.537115
0.00549541 4.26474 0.6311 0.537162
0.00562341 4.26494 0.631209 0.537183
0.0057544 4.26515 0.63132 0.537203
0.00588844 4.26536 0.631434 0.53727
0.0060256 4.26558 0.631551 0.537287
0.00616595 4.2658 0.63167 0.537328
0.00630957 4.26603 0.631792 0.537392
0.00645654 4.26626 0.631917 0.537405
0.00660693 4.2665 0.632045 0.537466
0.00676083 4.26674 0.632176 0.537452
0.00691831 4.26699 0.63231 0.53751
0.00707946 4.26725 0.632447 0.537566
0.00724436 4.26751 0.632587 0.537572
0.0074131 4.26777 0.63273 0.53765
0.00758578 4.26805 0.632877 0.537702
0.00776247 4.26833 0.633027 0.537703
0.00794328 4.26861 0.633181 0.537776
0.00812831 4.2689 0.633338 0.537823
0.00831764 4.2692 0.633499 0.537868
0.00851138 4.26951 0.633663 0.537911
0.00870964 4.26982 0.633832 0.537977
0.00891251 4.27014 0.634004 0.538065
0.00912011 4.27047 0.63418 0.538078
0.00933254 4.2708 0.63436 0.538187
0.00954993 4.27115 0.634545 0.53822
0.00977237 4.2715 0.634733 0.538276
0.01 4.27186 0.634926 0.538282
0.0102329 4.27222 0.635124 0.538333
0.0104713 4.2726 0.635326 0.538383
0.0107152 4.27298 0.635532 0.538479
0.0109648 4.27337 0.635744 0.538548
0.0112202 4.27378 0.63596 0.538591
0.0114815 4.27419 0.636181 0.53868
0.011749 4.27461 0.636408 0.538742
0.0120226 4.27504 0.63664 0.538777
0.0123027 4.27548 0.636877 0.538932
0.0125893 4.27593 0.637119 0.538962
0.0128825 4.27639 0.637367 0.539038
0.0131826 4.27686 0.637621 0.539087
0.0134896 4.27734 0.63788 0.539206
0.0138038 4.27783 0.638146 0.539273
0.0141254 4.27834 0.638418 0.539314
0.0144544 4.27885 0.638696 0.5394
0.0147911 4.27938 0.63898 0.539531
0.0151356 4.27992 0.639271 0.539611
0.0154882 4.28047 0.639568 0.539688
0.0158489 4.28103 0.639873 0.539785
0.0162181 4.28161 0.640184 0.539904
0.0165959 4.2822 0.640503 0.539994
0.0169824 4.2828 0.640828 0.540082
0.017378 4.28342 0.641162 0.540165
0.0177828 4.28405 0.641503 0.540294
0.018197 4.2847 0.641851 0.54037
0.0186209 4.28536 0.642208 0.540491
0.0190546 4.28603 0.642573 0.540608
0.0194984 4.28672 0.642947 0.540672
0.0199526 4.28743 0.643328 0.540805
0.0204174 4.28815 0.643719 0.540934
0.020893 4.28889 0.644119 0.541058
0.0213796 4.28964 0.644527 0.541178
0.0218776 4.29042 0.644945 0.541294
0.0223872 4.29121 0.645373 0.541429
0.0229087 4.29201 0.64581 0.541559
0.0234423 4.29284 0.646258 0.541684
0.0239883 4.29369 0.646715 0.541805
0.0245471 4.29455 0.647183 0.541993
0.0251189 4.29543 0.647662 0.542128
0.025704 4.29634 0.648152 0.542209
0.0263027 4.29726 0.648652 0.542405
0.0269153 4.2982 0.649165 0.542596
0.0275423 4.29917 0.649689 0.542684
0.0281838 4.30016 0.650224 0.542912
0.0288403 4.30116 0.650772 0.543014
0.0295121 4.3022 0.651333 0.543205
0.0301995 4.30325 0.651906 0.543343
0.030903 4.30433 0.652492 0.54357
0.0316228 4.30543 0.653091 0.543743
0.0323594 4.30656 0.653704 0.543909
0.0331131 4.30771 0.654331 0.544093
0.0338844 4.30889 0.654973 0.544293
0.0346737 4.31009 0.655628 0.544511
0.0354813 4.31133 0.656299 0.544674
0.0363078 4.31258 0.656984 0.544901
0.0371535 4.31387 0.657686 0.545073
0.0380189 4.31519 0.658403 0.545261
0.0389045 4.31653 0.659136 0.545537
0.0398107 4.3179 0.659886 0.545709
0.040738 4.31931 0.660652 0.545945
0.0416869 4.32074 0.661436 0.546173
0.042658 4.32221 0.662238 0.546464
0.0436516 4.32371 0.663057 0.54665
0.0446684 4.32524 0.663895 0.546947
0.0457088 4.32681 0.664752 0.547187
0.0467735 4.32841 0.665628 0.547466
0.047863 4.33005 0.666524 0.547711
0.0489779 4.33172 0.667439 0.547947
0.0501187 4.33343 0.668375 0.54822
0.0512861 4.33517 0.669333 0.548531
0.0524807 4.33695 0.670311 0.548831
0.0537032 4.33878 0.671312 0.549073
0.0549541 4.34064 0.672334 0.5494
0.0562341 4.34254 0.67338 0.549739
0.057544 4.34449 0.674448 0.55002
0.0588844 4.34647 0.675541 0.550407
0.060256 4.3485 0.676658 0.550641
0.0616595 4.35057 0.677799 0.550981
0.0630957 4.35269 0.678966 0.551356
0.0645654 4.35485 0.680159 0.551717
0.0660693 4.35706 0.681378 0.552091
0.0676083 4.35932 0.682624 0.552451
0.0691831 4.36162 0.683898 0.552774
0.0707946 4.36398 0.6852 0.553177
0.0724436 4.36638 0.68653 0.553544
0.074131 4.36884 0.68789 0.553943
0.0758578 4.37134 0.68928 0.554327
0.0776247 4.3739 0.6907 0.554767
0.0794328 4.37652 0.692151 0.555193
0.0812831 4.37919 0.693634 0.555649
0.0831764 4.38192 0.69515 0.556043
0.0851138 4.3847 0.696699 0.556467
0.0870964 4.38754 0.698281 0.556993
0.0891251 4.39045 0.699898 0.557406
0.0912011 4.39341 0.70155 0.557898
0.0933254 4.39643 0.703238 0.558417
0.0954993 4.39952 0.704963 0.558896
0.0977237 4.40267 0.706725 0.559427
0.1 4.40589 0.708525 0.559868
0.102329 4.40917 0.710365 0.560499
0.104713 4.41252 0.712244 0.56095
0.107152 4.41594 0.714163 0.561564
0.109648 4.41943 0.716124 0.562091
0.112202 4.42299 0.718127 0.562689
0.114815 4.42663 0.720173 0.563265
0.11749 4.43034 0.722263 0.563843
0.120226 4.43412 0.724397 0.564469
0.123027 4.43798 0.726577 0.565095
0.125893 4.44192 0.728804 0.565744
0.128825 4.44593 0.731078 0.566415
0.131826 4.45003 0.7334 0.566995
0.134896 4.45421 0.735772 0.56771
0.138038 4.45848 0.738193 0.568425
0.141254 4.46282 0.740667 0.569088
0.144544 4.46726 0.743192 0.569841
0.147911 4.47178 0.74577 0.570478
0.151356 4.47639 0.748403 0.571314
0.154882 4.4811 0.751091 0.572057
0.158489 4.48589 0.753836 0.572815
0.162181 4.49078 0.756637 0.573589
0.165959 4.49576 0.759498 0.574406
0.169824 4.50084 0.762418 0.575189
0.17378 4.50602 0.765398 0.576059
0.177828 4.5113 0.768441 0.576916
0.18197 4.51668 0.771547 0.577765
0.186209 4.52216 0.774716 0.578631
0.190546 4.52775 0.777952 0.579485
0.194984 4.53344 0.781254 0.580437
0.199526 4.53924 0.784623 0.58136
0.204174 4.54515 0.788062 0.582336
0.20893 4.55117 0.791572 0.583276
0.213796 4.55731 0.795153 0.584224
0.218776 4.56356 0.798807 0.585314
0.223872 4.56992 0.802535 0.586258
0.229087 4.5764 0.806339 0.587359
0.234423 4.583 0.81022 0.58838
0.239883 4.58973 0.814179 0.58949
0.245471 4.59657 0.818218 0.590546
0.251189 4.60354 0.822339 0.591684
0.25704 4.61064 0.826542 0.592827
0.263027 4.61787 0.830829 0.594016
0.269153 4.62522 0.835202 0.595159
0.275423 4.63271 0.839663 0.596371
0.281838 4.64033 0.844212 0.597602
0.288403 4.64808 0.848851 0.598811
0.295121 4.65597 0.853582 0.6001
0.301995 4.664 0.858406 0.601404
0.30903 4.67218 0.863325 0.602686
0.316228 4.68049 0.868342 0.604004
0.323594 4.68895 0.873456 0.605358
0.331131 4.69755 0.878671 0.606744
0.338844 4.7063 0.883987 0.608126
0.346737 4.7152 0.889407 0.609618
0.354813 4.72426 0.894932 0.61102
0.363078 4.73346 0.900564 0.612509
0.371535 4.74282 0.906304 0.613992
0.380189 4.75234 0.912156 0.615521
0.389045 4.76202 0.91812 0.617076
0.398107 4.77186 0.924198 0.618636
0.40738 4.78186 0.930393 0.620243
0.416869 4.79202 0.936706 0.621886
0.42658 4.80235 0.943139 0.62349
0.436516 4.81285 0.949694 0.625246
0.446684 4.82352 0.956373 0.626889
0.457088 4.83436 0.963179 0.628675
0.467735 4.84538 0.970113 0.630399
0.47863 4.85657 0.977177 0.632176
0.489779 4.86793 0.984374 0.634006
0.501187 4.87948 0.991705 0.635846
0.512861 4.89121 0.999173 0.637716
0.524807 4.90312 1.00678 0.63962
0.537032 4.91521 1.01453 0.641572
0.549541 4.9275 1.02242 0.643548
0.562341 4.93997 1.03046 0.645508
0.57544 4.95263 1.03864 0.64755
0.588844 4.96548 1.04698 0.649578
0.60256 4.97853 1.05547 0.651661
0.616595 4.99177 1.06411 0.653748
0.630957 5.00521 1.07292 0.65588
0.645654 5.01885 1.08188 0.658053
0.660693 5.0327 1.091 0.660281
0.676083 5.04674 1.10029 0.662538
0.691831 5.06099 1.10975 0.664818
0.707946 5.07545 1.11938 0.667108
0.724436 5.09012 1.12918 0.669467
0.74131 5.105 1.13916 0.67181
0.758578 5.12009 1.14931 0.674249
0.776247 5.13539 1.15965 0.676594
0.794328 5.15092 1.17017 0.679113
0.812831 5.16666 1.18088 0.681639
0.831764 5.18262 1.19178 0.684127
0.851138 5.1988 1.20287 0.686662
0.870964 5.2152 1.21416 0.689319
0.891251 5.23183 1.22565 0.69195
0.912011 5.24869 1.23733 0.694658
0.933254 5.26578 1.24923 0.69738
0.954993 5.28309 1.26133 0.700132
0.977237 5.30064 1.27364 0.702901
1 5.31843 1.28616 0.705739
1.02329 5.33645 1.29891 0.708588
1.04713 5.35471 1.31187 0.711465
1.07152 5.37321 1.32506 0.714423
1.09648 5.39195 1.33848 0.717378
1.12202 5.41094 1.35213 0.720373
1.14815 5.43017 1.36601 0.72341
1.1749 5.44964 1.38013 0.726529
1.20226 5.46937 1.39449 0.729644
1.23027 5.48935 1.4091 0.732832
1.25893 5.50958 1.42396 0.736017
1.28825 5.53006 1.43907 0.73927
1.31826 5.5508 1.45443 0.742545
1.34896 5.5718 1.47006 0.745806
1.38038 5.59306 1.48595 0.749218
1.41254 5.61458 1.50212 0.752599
1.44544 5.63637 1.51855 0.756041
1.47911 5.65842 1.53526 0.759548
1.51356 5.68074 1.55225 0.7631
1.54882 5.70332 1.56952 0.766663
1.58489 5.72618 1.58709 0.770256
1.62181 5.74931 1.60495 0.773915
1.65959 5.77272 1.62311 0.777583
1.69824 5.7964 1.64157 0.781351
1.7378 5.82036 1.66033 0.785131
1.77828 5.8446 1.67941 0.788979
1.8197 5.86912 1.6988 0.792784
1.86209 5.89393 1.71852 0.796711
1.90546 5.91902 1.73856 0.800706
1.94984 5.9444 1.75893 0.804675
1.99526 5.97007 1.77964 0.808678
2.04174 5.99604 1.80069 0.812828
2.0893 6.02229 1.82208 0.816942
2.13796 6.04884 1.84383 0.821116
2.18776 6.07569 1.86593 0.825295
2.23872 6.10284 1.8884 0.829602
2.29087 6.13029 1.91123 0.833945
2.34423 6.15804 1.93443 0.838303
2.39883 6.18609 1.95801 0.842711
2.45471 6.21446 1.98198 0.847135
2.51189 6.24313 2.00633 0.851637
2.5704 6.27211 2.03108 0.856229
2.63027 6.30141 2.05623 0.860819
2.69153 6.33102 2.08179 0.86543
2.75423 6.36095 2.10776 0.870112
2.81838 6.3912 2.13415 0.874898
2.88403 6.42177 2.16097 0.879686
2.95121 6.45266 2.18822 0.884535
3.01995 6.48388 2.21591 0.889408
3.0903 6.51542 2.24405 0.894377
3.16228 6.5473 2.27263 0.899347
3.23594 6.5795 2.30168 0.904395
3.31131 6.61204 2.33119 0.909554
3.38844 6.64492 2.36117 0.914607
3.46737 6.67813 2.39164 0.91985
3.54813 6.71168 2.42259 0.925108
3.63078 6.74558 2.45404 0.930407
3.71535 6.77982 2.48598 0.935779
3.80189 6.81441 2.51844 0.941173
3.89045 6.84934 2.55142 0.94662
3.98107 6.88463 2.58492 0.9521
4.0738 6.92027 2.61895 0.957634
4.16869 6.95626 2.65352 0.963244
4.2658 6.99262 2.68865 0.969014
4.36516 7.02933 2.72433 0.974728
4.46684 7.0664 2.76057 0.980446
4.57088 7.10384 2.79739 0.986377
4.67735 7.14165 2.83479 0.992267
4.7863 7.17983 2.87279 0.998185
4.89779 7.21838 2.91138 1.00417
5.01187 7.2573 2.95059 1.01022
5.12861 7.2966 2.99041 1.01643
5.24807 7.33628 3.03087 1.02258
5.37032 7.37634 3.07196 1.02878
5.49541 7.41679 3.1137 1.03509
5.62341 7.45762 3.15609 1.04145
5.7544 7.49884 3.19915 1.04786
5.88844 7.54046 3.24289 1.05435
6.0256 7.58247 3.28732 1.06093
6.16595 7.62487 3.33245 1.06748
6.30957 7.66768 3.37828 1.07416
6.45654 7.71088 3.42484 1.08084
6.60693 7.75449 3.47212 1.08758
6.76083 7.79851 3.52015 1.09442
6.91831 7.84294 3.56893 1.10134
7.07946 7.88778 3.61847 1.1083
7.24436 7.93304 3.66879 1.11534
7.4131 7.97872 3.71989 1.12239
7.58578 8.02482 3.7718 1.12955
7.76247 8.07134 3.82452 1.13679
7.94328 8.11829 3.87806 1.14408
8.12831 8.16567 3.93244 1.1514
8.31764 8.21348 3.98766 1.15874
8.51138 8.26172 4.04375 1.16633
8.70964 8.31041 4.10072 1.17381
8.91251 8.35953 4.15857 1.18138
9.12011 8.40911 4.21732 1.18914
9.33254 8.45912 4.277 1.19681
9.54993 8.50959 4.3376 1.20462
9.77237 8.56052 4.39914 1.2125
10 8.61189 4.46164 1.2205
10.2329 8.66373 4.52512 1.22848
10.4713 8.71604 4.58958 1.23659
10.7152 8.7688 4.65505 1.24473
10.9648 8.82204 4.72154 1.25303
11.2202 8.87575 4.78906 1.26134
11.4815 8.92994 4.85763 1.26956
11.749 8.9846 4.92726 1.2781
12.0226 9.03975 4.99798 1.28649
12.3027 9.09538 5.06979 1.29517
12.5893 9.1515 5.14272 1.30385
12.8825 9.20811 5.21678 1.31257
13.1826 9.26522 5.29199 1.32138
13.4896 9.32283 5.36837 1.33025
13.8038 9.38094 5.44593 1.33926
14.1254 9.43956 5.5247 1.34827
14.4544 9.49869 5.60469 1.35735
14.7911 9.55833 5.68592 1.36667
15.1356 9.61848 5.7684 1.3758
15.4882 9.67916 5.85217 1.38509
15.8489 9.74037 5.93723 1.39456
16.2181 9.8021 6.02362 1.40411
16.5959 9.86436 6.11133 1.41371
16.9824 9.92715 6.20041 1.42336
17.378 9.99049 6.29087 1.43313
17.7828 10.0544 6.38273 1.44288
18.197 10.1188 6.47601 1.45288
18.6209 10.1838 6.57073 1.46275
19.0546 10.2493 6.66692 1.47293
19.4984 10.3154 6.76459 1.48301
19.9526 10.382 6.86378 1.49337
20.4174 10.4493 6.9645 1.50359
20.893 10.5171 7.06678 1.51389
21.3796 10.5854 7.17065 1.52449
21.8776 10.6544 7.27612 1.53507
22.3872 10.7239 7.38321 1.54582
22.9087 10.794 7.49197 1.55656
23.4423 10.8647 7.6024 1.5673
23.9883 10.936 7.71455 1.57834
24.5471 11.0079 7.82842 1.58937
25.1189 11.0804 7.94406 1.60045
25.704 11.1535 8.06148 1.61167
26.3027 11.2272 8.18071 1.62306
26.9153 11.3016 8.30179 1.63436
27.5423 11.3766 8.42474 1.6459
28.1838 11.4521 8.54958 1.65749
28.8403 11.5284 8.67636 1.66916
29.5121 11.6052 8.80509 1.68082
30.1995 11.6827 8.93581 1.69274
30.903 11.7609 9.06855 1.70464
31.6228 11.8396 9.20334 1.71672
32.3594 11.9191 9.34021 1.72892
33.1131 11.9992 9.47919 1.74116
33.8844 12.08 9.62032 1.75351
34.6737 12.1614 9.76363 1.76601
35.4813 12.2435 9.90914 1.77834
36.3078 12.3263 10.0569 1.79116
37.1535 12.4098 10.207 1.80394
38.0189 12.4939 10.3593 1.81675
38.9045 12.5788 10.514 1.8298
39.8107 12.6643 10.6711 1.84285
40.738 12.7506 10.8306 1.85606
41.6869 12.8376 10.9926 1.86938
42.658 12.9252 11.1571 1.8826
43.6516 13.0136 11.3241 1.89614
44.6684 13.1028 11.4937 1.90985
45.7088 13.1926 11.6659 1.92365
46.7735 13.2832 11.8408 1.93732
47.863 13.3745 12.0184 1.95125
48.9779 13.4666 12.1987 1.96535
50.1187 13.5594 12.3818 1.9795
51.2861 13.653 12.5677 1.99368
52.4807 13.7473 12.7565 2.00815
53.7032 13.8425 12.9482 2.02252
54.9541 13.9384 13.1428 2.03719
56.2341 14.035 13.3405 2.05193
57.544 14.1325 13.5412 2.0668
58.8844 14.2307 13.745 2.0818
60.256 14.3298 13.9519 2.09687
61.6595 14.4296 14.162 2.1122
63.0957 14.5303 14.3754 2.12749
64.5654 14.6317 14.592 2.1429
66.0693 14.734 14.812 2.15851
67.6083 14.8372 15.0354 2.17422
69.1831 14.9411 15.2623 2.18989
70.7946 15.0459 15.4926 2.20592
72.4436 15.1516 15.7265 2.22193
74.131 15.2581 15.964 2.23819
75.8578 15.3654 16.2052 2.25447
77.6247 15.4736 16.45 2.27109
79.4328 15.5827 16.6987 2.2876
81.2831 15.6927 16.9512 2.30446
83.1764 15.8035 17.2076 2.32105
85.1138 15.9153 17.4679 2.33816
87.0964 16.0279 17.7322 2.35523
89.1251 16.1415 18.0007 2.37252
91.2011 16.256 18.2732 2.38997
93.3254 16.3713 18.55 2.40735
95.4993 16.4876 18.831 2.42518
97.7237 16.6049 19.1164 2.44308
100 16.7231 19.4061 2.46089
102.329 16.8422 19.7004 2.47894
104.713 16.9623 19.9992 2.49721
107.152 17.0833 20.3025 2.51533
109.648 17.2053 20.6106 2.53397
112.202 17.3283 20.9234 2.55278
114.815 17.4523 21.241 2.57143
117.49 17.5772 21.5636 2.59075
120.226 17.7032 21.8911 2.60964
123.027 17.8302 22.2236 2.62907
125.893 17.9581 22.5613 2.64832
128.825 18.0871 22.9042 2.66802
131.826 18.2172 23.2524 2.68768
134.896 18.3482 23.6059 2.70748
138.038 18.4803 23.9649 2.72737
141.254 18.6135 24.3294 2.74772
144.544 18.7477 24.6996 2.76825
147.911 18.883 25.0754 2.78836
151.356 19.0193 25.4571 2.80938
154.882 19.1568 25.8447 2.83006
158.489 19.2953 26.2382 2.85102
162.181 19.435 26.6378 2.87198
165.959 19.5757 27.0435 2.89338
169.824 19.7176 27.4555 2.91503
173.78 19.8606 27.8739 2.93651
177.828 20.0047 28.2987 2.95845
181.97 20.1499 28.7301 2.98028
186.209 20.2964 29.1681 3.00265
190.546 20.4439 29.6129 3.02493
194.984 20.5927 30.0645 3.04749
199.526 20.7426 30.5231 3.07024
204.174 20.8937 30.9888 3.093
208.93 21.046 31.4616 3.11612
213.796 21.1996 31.9418 3.13949
218.776 21.3543 32.4294 3.1629
223.872 21.5102 32.9244 3.18626
229.087 21.6674 33.4271 3.21006
234.423 21.8258 33.9376 3.23412
239.883 21.9855 34.456 3.25815
245.471 22.1465 34.9823 3.28254
251.189 22.3087 35.5168 3.30711
257.04 22.4722 36.0595 3.33173
263.027 22.6369 36.6105 3.35677
269.153 22.803 37.1701 3.38199
275.423 22.9704 37.7383 3.40703
281.838 23.1391 38.3153 3.43259
288.403 23.3092 38.9012 3.45815
295.121 23.4805 39.4961 3.48432
301.995 23.6533 40.1002 3.51032
309.03 23.8274 40.7136 3.53645
316.228 24.0028 41.3364 3.56324
323.594 24.1797 41.9689 3.5897
331.131 24.3579 42.6112 3.6168
338.844 24.5375 43.2633 3.64399
346.737 24.7186 43.9255 3.67122
354.813 24.9011 44.598 3.69874
363.078 25.085 45.2808 3.72643
371.535 25.2703 45.9741 3.75464
380.189 25.4571 46.6781 3.78276
389.045 25.6454 47.393 3.81096
398.107 25.8352 48.119 3.83962
407.38 26.0264 48.8561 3.8687
416.869 26.2192 49.6046 3.89775
426.58 26.4134 50.3647 3.92709
436.516 26.6092 51.1364 3.95667
446.684 26.8066 51.9201 3.98647
457.088 27.0054 52.7159 4.01643
467.735 27.2059 53.524 4.04654
478.63 27.4079 54.3445 4.0772
489.779 27.6115 55.1777 4.10788
501.187 27.8166 56.0238 4.1387
512.861 28.0234 56.8829 4.16992
524.807 28.2319 57.7553 4.20126
537.032 28.4419 58.6411 4.23318
549.541 28.6536 59.5406 4.26494
562.341 28.867 60.454 4.29714
575.44 29.082 61.3815 4.32975
588.844 29.2987 62.3233 4.36228
602.56 29.5171 63.2797 4.39516
616.595 29.7372 64.2508 4.42845
630.957 29.959 65.2369 4.46198
645.654 30.1826 66.2382 4.49573
660.693 30.4079 67.255 4.52962
676.083 30.635 68.2874 4.56375
691.831 30.8639 69.3358 4.59845
707.946 31.0945 70.4004 4.63294
724.436 31.327 71.4814 4.66834
741.31 31.5612 72.5791 4.70315
758.578 31.7973 73.6938 4.7388
776.247 32.0353 74.8256 4.77482
794.328 32.2751 75.9749 4.81082
812.831 32.5168 77.142 4.84717
831.764 32.7603 78.3271 4.88409
851.138 33.0058 79.5305 4.92089
870.964 33.2532 80.7524 4.95845
891.251 33.5025 81.9932 4.99589
912.011 33.7538 83.2532 5.03376
933.254 34.007 84.5327 5.07191
954.993 34.2622 85.8318 5.11004
977.237 34.5194 87.1511 5.14823
1000 34.7786 88.4907 5.18814
1023.29 35.0398 89.851 5.22745
1047.13 35.3031 91.2323 5.26682
1071.52 35.5684 92.6349 5.30659
1096.48 35.8357 94.0592 5.34746
1122.02 36.1052 95.5055 5.38751
1148.15 36.3768 96.9741 5.42871
1174.9 36.6505 98.4653 5.46947
1202.26 36.9263 99.9796 5.51118
1230.27 37.2042 101.517 5.55274
1258.93 37.4844 103.079 5.59526
1288.25 37.7667 104.664 5.63752
1318.26 38.0512 106.274 5.68091
1348.96 38.3379 107.909 5.72385
1380.38 38.6269 109.569 5.76677
1412.54 38.9181 111.255 5.81066
1445.44 39.2116 112.967 5.85505
1479.11 39.5074 114.705 5.89951
1513.56 39.8054 116.47 5.94388
1548.82 40.1058 118.263 5.98904
1584.89 40.4085 120.083 6.03468
1621.81 40.7136 121.931 6.08088
1659.59 41.0211 123.807 6.12688
1698.24 41.3309 125.713 6.1736
1737.8 41.6432 127.648 6.22066
1778.28 41.9579 129.613 6.26813
1819.7 42.275 131.609 6.3152
1862.09 42.5946 133.635 6.36336
1905.46 42.9167 135.692 6.41203
1949.84 43.2413 137.781 6.46061
1995.26 43.5685 139.903 6.50998
2041.74 43.8981 142.057 6.55945
2089.3 44.2303 144.244 6.60926
2137.96 44.5652 146.466 6.65992
2187.76 44.9026 148.721 6.71012
2238.72 45.2426 151.012 6.7614
2290.87 45.5853 153.338 6.81278
2344.23 45.9306 155.699 6.86499
2398.83 46.2787 158.098 6.91736
2454.71 46.6294 160.533 6.96966
