Pressure (Mbar) | Density (g cm^-3) | dP/dRho (Mbar g^-1 cm^3) | d^2P/dRho^2 (Mbar g^-2 cm^6) 

1e-05 4.10002 0.602447 0.436414
1.02329e-05 4.10002 0.602447 0.436414
1.04713e-05 4.10002 0.602448 0.43639
1.07152e-05 4.10002 0.602448 0.436389
1.09648e-05 4.10002 0.602448 0.436414
1.12202e-05 4.10002 0.602448 0.436414
1.14815e-05 4.10002 0.602448 0.436389
1.1749e-05 4.10002 0.602448 0.436389
1.20226e-05 4.10002 0.602449 0.436389
1.23027e-05 4.10002 0.602449 0.436388
1.25893e-05 4.10002 0.602449 0.436388
1.28825e-05 4.10002 0.602449 0.436413
1.31826e-05 4.10002 0.602449 0.436437
1.34896e-05 4.10002 0.60245 0.436437
1.38038e-05 4.10002 0.60245 0.436387
1.41254e-05 4.10002 0.60245 0.436436
1.44544e-05 4.10002 0.60245 0.436387
1.47911e-05 4.10002 0.602451 0.43646
1.51356e-05 4.10003 0.602451 0.436387
1.54882e-05 4.10003 0.602451 0.436411
1.58489e-05 4.10003 0.602451 0.436411
1.62181e-05 4.10003 0.602452 0.43641
1.65959e-05 4.10003 0.602452 0.436361
1.69824e-05 4.10003 0.602452 0.43641
1.7378e-05 4.10003 0.602453 0.43641
1.77828e-05 4.10003 0.602453 0.436434
1.8197e-05 4.10003 0.602453 0.436409
1.86209e-05 4.10003 0.602453 0.436385
1.90546e-05 4.10003 0.602454 0.436409
1.94984e-05 4.10003 0.602454 0.43636
1.99526e-05 4.10003 0.602454 0.436408
2.04174e-05 4.10003 0.602455 0.436408
2.0893e-05 4.10003 0.602455 0.436408
2.13796e-05 4.10004 0.602455 0.436383
2.18776e-05 4.10004 0.602456 0.436358
2.23872e-05 4.10004 0.602456 0.436431
2.29087e-05 4.10004 0.602457 0.436431
2.34423e-05 4.10004 0.602457 0.436406
2.39883e-05 4.10004 0.602457 0.436406
2.45471e-05 4.10004 0.602458 0.436356
2.51189e-05 4.10004 0.602458 0.436454
2.5704e-05 4.10004 0.602459 0.436429
2.63027e-05 4.10004 0.602459 0.436429
2.69153e-05 4.10004 0.602459 0.436404
2.75423e-05 4.10005 0.60246 0.436404
2.81838e-05 4.10005 0.60246 0.436403
2.88403e-05 4.10005 0.602461 0.436403
2.95121e-05 4.10005 0.602461 0.436427
3.01995e-05 4.10005 0.602462 0.436402
3.0903e-05 4.10005 0.602462 0.436402
3.16228e-05 4.10005 0.602463 0.436401
3.23594e-05 4.10005 0.602463 0.436425
3.31131e-05 4.10005 0.602464 0.436425
3.38844e-05 4.10006 0.602464 0.436375
3.46737e-05 4.10006 0.602465 0.436448
3.54813e-05 4.10006 0.602466 0.436423
3.63078e-05 4.10006 0.602466 0.436472
3.71535e-05 4.10006 0.602467 0.436398
3.80189e-05 4.10006 0.602467 0.436446
3.89045e-05 4.10006 0.602468 0.436421
3.98107e-05 4.10007 0.602469 0.436421
4.0738e-05 4.10007 0.602469 0.43642
4.16869e-05 4.10007 0.60247 0.436395
4.2658e-05 4.10007 0.602471 0.436394
4.36516e-05 4.10007 0.602472 0.436394
4.46684e-05 4.10007 0.602472 0.436442
4.57088e-05 4.10008 0.602473 0.436417
4.67735e-05 4.10008 0.602474 0.436392
4.7863e-05 4.10008 0.602475 0.436367
4.89779e-05 4.10008 0.602475 0.436391
5.01187e-05 4.10008 0.602476 0.436439
5.12861e-05 4.10009 0.602477 0.436365
5.24807e-05 4.10009 0.602478 0.436413
5.37032e-05 4.10009 0.602479 0.436412
5.49541e-05 4.10009 0.60248 0.436387
5.62341e-05 4.10009 0.602481 0.436386
5.7544e-05 4.1001 0.602482 0.43641
5.88844e-05 4.1001 0.602483 0.436434
6.0256e-05 4.1001 0.602484 0.436408
6.16595e-05 4.1001 0.602485 0.436383
6.30957e-05 4.1001 0.602486 0.436382
6.45654e-05 4.10011 0.602487 0.43643
6.60693e-05 4.10011 0.602488 0.436429
6.76083e-05 4.10011 0.602489 0.436404
6.91831e-05 4.10011 0.60249 0.436427
7.07946e-05 4.10012 0.602491 0.436402
7.24436e-05 4.10012 0.602492 0.43645
7.4131e-05 4.10012 0.602494 0.4364
7.58578e-05 4.10013 0.602495 0.436399
7.76247e-05 4.10013 0.602496 0.436398
7.94328e-05 4.10013 0.602497 0.436445
8.12831e-05 4.10013 0.602499 0.43642
8.31764e-05 4.10014 0.6025 0.436419
8.51138e-05 4.10014 0.602502 0.436418
8.70964e-05 4.10014 0.602503 0.436416
8.91251e-05 4.10015 0.602504 0.43644
9.12011e-05 4.10015 0.602506 0.436414
9.33254e-05 4.10015 0.602508 0.436413
9.54993e-05 4.10016 0.602509 0.436436
9.77237e-05 4.10016 0.602511 0.43641
0.0001 4.10017 0.602512 0.436409
0.000102329 4.10017 0.602514 0.436383
0.000104713 4.10017 0.602516 0.43643
0.000107152 4.10018 0.602518 0.436404
0.000109648 4.10018 0.602519 0.436403
0.000112202 4.10019 0.602521 0.43645
0.000114815 4.10019 0.602523 0.436448
0.00011749 4.1002 0.602525 0.436422
0.000120226 4.1002 0.602527 0.436421
0.000123027 4.1002 0.602529 0.436443
0.000125893 4.10021 0.602531 0.436442
0.000128825 4.10021 0.602533 0.436391
0.000131826 4.10022 0.602535 0.436414
0.000134896 4.10022 0.602538 0.436387
0.000138038 4.10023 0.60254 0.43641
0.000141254 4.10023 0.602542 0.436408
0.000144544 4.10024 0.602545 0.43643
0.000147911 4.10025 0.602547 0.436428
0.000151356 4.10025 0.60255 0.436426
0.000154882 4.10026 0.602552 0.436424
0.000158489 4.10026 0.602555 0.436422
0.000162181 4.10027 0.602557 0.436444
0.000165959 4.10028 0.60256 0.436442
0.000169824 4.10028 0.602563 0.436391
0.00017378 4.10029 0.602566 0.436413
0.000177828 4.1003 0.602569 0.436435
0.00018197 4.1003 0.602572 0.436383
0.000186209 4.10031 0.602575 0.436405
0.000190546 4.10032 0.602578 0.436476
0.000194984 4.10032 0.602581 0.436424
0.000199526 4.10033 0.602584 0.436446
0.000204174 4.10034 0.602588 0.436443
0.00020893 4.10035 0.602591 0.436391
0.000213796 4.10035 0.602595 0.436413
0.000218776 4.10036 0.602598 0.436434
0.000223872 4.10037 0.602602 0.436431
0.000229087 4.10038 0.602606 0.436404
0.000234423 4.10039 0.60261 0.436449
0.000239883 4.1004 0.602614 0.436446
0.000245471 4.10041 0.602618 0.436443
0.000251189 4.10042 0.602622 0.436463
0.00025704 4.10043 0.602626 0.436411
0.000263027 4.10044 0.60263 0.436432
0.000269153 4.10045 0.602635 0.436428
0.000275423 4.10046 0.602639 0.436449
0.000281838 4.10047 0.602644 0.436469
0.000288403 4.10048 0.602649 0.436441
0.000295121 4.10049 0.602654 0.436412
0.000301995 4.1005 0.602659 0.436433
0.00030903 4.10051 0.602664 0.436453
0.000316228 4.10052 0.602669 0.4364
0.000323594 4.10054 0.602674 0.43642
0.000331131 4.10055 0.60268 0.436464
0.000338844 4.10056 0.602685 0.436459
0.000346737 4.10058 0.602691 0.436405
0.000354813 4.10059 0.602697 0.436425
0.000363078 4.1006 0.602703 0.43642
0.000371535 4.10062 0.602709 0.436415
0.000380189 4.10063 0.602715 0.43641
0.000389045 4.10065 0.602722 0.436453
0.000398107 4.10066 0.602728 0.436448
0.00040738 4.10068 0.602735 0.436466
0.000416869 4.10069 0.602742 0.436461
0.00042658 4.10071 0.602749 0.436455
0.000436516 4.10072 0.602756 0.436449
0.000446684 4.10074 0.602763 0.436467
0.000457088 4.10076 0.602771 0.436485
0.000467735 4.10078 0.602779 0.436503
0.00047863 4.10079 0.602787 0.436448
0.000489779 4.10081 0.602795 0.436441
0.000501187 4.10083 0.602803 0.436458
0.000512861 4.10085 0.602811 0.436427
0.000524807 4.10087 0.60282 0.436469
0.000537032 4.10089 0.602829 0.436461
0.000549541 4.10091 0.602838 0.436454
0.000562341 4.10093 0.602847 0.436495
0.00057544 4.10095 0.602857 0.436438
0.000588844 4.10098 0.602866 0.436454
0.00060256 4.101 0.602876 0.436446
0.000616595 4.10102 0.602886 0.436437
0.000630957 4.10105 0.602897 0.436502
0.000645654 4.10107 0.602907 0.436493
0.000660693 4.1011 0.602918 0.436459
0.000676083 4.10112 0.60293 0.43645
0.000691831 4.10115 0.602941 0.436465
0.000707946 4.10117 0.602953 0.436431
0.000724436 4.1012 0.602965 0.436519
0.00074131 4.10123 0.602977 0.436484
0.000758578 4.10126 0.602989 0.436473
0.000776247 4.10129 0.603002 0.436487
0.000794328 4.10132 0.603015 0.43655
0.000812831 4.10135 0.603029 0.436514
0.000831764 4.10138 0.603042 0.436502
0.000851138 4.10141 0.603056 0.436442
0.000870964 4.10144 0.603071 0.436479
0.000891251 4.10148 0.603085 0.436515
0.000912011 4.10151 0.6031 0.436478
0.000933254 4.10155 0.603116 0.436539
0.000954993 4.10158 0.603131 0.436476
0.000977237 4.10162 0.603147 0.436536
0.001 4.10166 0.603164 0.436498
0.00102329 4.1017 0.603181 0.436533
0.00104713 4.10174 0.603198 0.436518
0.00107152 4.10178 0.603216 0.436504
0.00109648 4.10182 0.603234 0.436562
0.00112202 4.10186 0.603252 0.436522
0.00114815 4.1019 0.603271 0.43653
0.0011749 4.10195 0.603291 0.436539
0.00120226 4.10199 0.60331 0.436547
0.00123027 4.10204 0.603331 0.436554
0.00125893 4.10209 0.603351 0.436537
0.00128825 4.10214 0.603373 0.436519
0.00131826 4.10219 0.603394 0.436501
0.00134896 4.10224 0.603416 0.436555
0.00138038 4.10229 0.603439 0.436585
0.00141254 4.10234 0.603462 0.436566
0.00144544 4.1024 0.603486 0.436546
0.00147911 4.10245 0.603511 0.436574
0.00151356 4.10251 0.603536 0.436578
0.00154882 4.10257 0.603561 0.436581
0.00158489 4.10263 0.603587 0.436608
0.00162181 4.10269 0.603614 0.436585
0.00165959 4.10275 0.603641 0.436562
0.00169824 4.10282 0.603669 0.436637
0.0017378 4.10288 0.603698 0.436613
0.00177828 4.10295 0.603727 0.436588
0.0018197 4.10302 0.603757 0.436661
0.00186209 4.10309 0.603788 0.436586
0.00190546 4.10316 0.603819 0.436584
0.00194984 4.10323 0.603851 0.436606
0.00199526 4.10331 0.603884 0.436628
0.00204174 4.10338 0.603918 0.436673
0.0020893 4.10346 0.603952 0.436644
0.00213796 4.10354 0.603987 0.436615
0.00218776 4.10363 0.604023 0.436682
0.00223872 4.10371 0.60406 0.436651
0.00229087 4.1038 0.604098 0.436644
0.00234423 4.10389 0.604136 0.436661
0.00239883 4.10398 0.604176 0.436701
0.00245471 4.10407 0.604216 0.436691
0.00251189 4.10416 0.604257 0.436681
0.0025704 4.10426 0.6043 0.436719
0.00263027 4.10436 0.604343 0.436707
0.00269153 4.10446 0.604387 0.436719
0.00275423 4.10456 0.604432 0.436705
0.00281838 4.10467 0.604479 0.436691
0.00288403 4.10478 0.604526 0.436749
0.00295121 4.10489 0.604575 0.436757
0.00301995 4.105 0.604624 0.43674
0.0030903 4.10512 0.604675 0.436771
0.00316228 4.10524 0.604727 0.436776
0.00323594 4.10536 0.60478 0.436756
0.00331131 4.10549 0.604835 0.436783
0.00338844 4.10561 0.604891 0.43681
0.00346737 4.10574 0.604948 0.436786
0.00354813 4.10588 0.605006 0.436762
0.00363078 4.10601 0.605066 0.436834
0.00371535 4.10615 0.605127 0.436783
0.00380189 4.1063 0.605189 0.436828
0.00389045 4.10644 0.605253 0.436848
0.00398107 4.10659 0.605318 0.436842
0.0040738 4.10675 0.605385 0.436859
0.00416869 4.1069 0.605454 0.436899
0.0042658 4.10706 0.605524 0.43684
0.00436516 4.10723 0.605596 0.436853
0.00446684 4.10739 0.605669 0.436914
0.00457088 4.10757 0.605744 0.436949
0.00467735 4.10774 0.605821 0.436909
0.0047863 4.10792 0.605899 0.436916
0.00489779 4.10811 0.60598 0.436971
0.00501187 4.10829 0.606062 0.436999
0.00512861 4.10849 0.606146 0.436977
0.00524807 4.10868 0.606232 0.437003
0.00537032 4.10889 0.60632 0.437002
0.00549541 4.10909 0.60641 0.437024
0.00562341 4.1093 0.606503 0.43702
0.0057544 4.10952 0.606597 0.437063
0.00588844 4.10974 0.606694 0.437055
0.0060256 4.10997 0.606792 0.43707
0.00616595 4.1102 0.606894 0.437107
0.00630957 4.11043 0.606997 0.437118
0.00645654 4.11068 0.607103 0.437126
0.00660693 4.11092 0.607211 0.437133
0.00676083 4.11118 0.607322 0.437138
0.00691831 4.11144 0.607435 0.437213
0.00707946 4.1117 0.607551 0.437165
0.00724436 4.11197 0.60767 0.437211
0.0074131 4.11225 0.607791 0.437256
0.00758578 4.11253 0.607915 0.437249
0.00776247 4.11283 0.608043 0.437289
0.00794328 4.11312 0.608173 0.437253
0.00812831 4.11343 0.608306 0.437312
0.00831764 4.11374 0.608442 0.437344
0.00851138 4.11406 0.608581 0.437349
0.00870964 4.11438 0.608723 0.437376
0.00891251 4.11472 0.608869 0.437351
0.00912011 4.11506 0.609018 0.437445
0.00933254 4.11541 0.609171 0.437487
0.00954993 4.11576 0.609327 0.437454
0.00977237 4.11613 0.609487 0.43749
0.01 4.1165 0.60965 0.437499
0.0102329 4.11688 0.609817 0.437554
0.0104713 4.11727 0.609988 0.437581
0.0107152 4.11767 0.610163 0.437604
0.0109648 4.11808 0.610342 0.437624
0.0112202 4.1185 0.610525 0.43769
0.0114815 4.11893 0.610713 0.437703
0.011749 4.11937 0.610904 0.437712
0.0120226 4.11981 0.6111 0.437767
0.0123027 4.12027 0.611301 0.437793
0.0125893 4.12074 0.611506 0.437815
0.0128825 4.12122 0.611716 0.43781
0.0131826 4.12171 0.611931 0.437848
0.0134896 4.12221 0.61215 0.437882
0.0138038 4.12273 0.612375 0.437937
0.0141254 4.12325 0.612605 0.437938
0.0144544 4.12379 0.61284 0.438008
0.0147911 4.12434 0.613081 0.438049
0.0151356 4.1249 0.613327 0.438109
0.0154882 4.12547 0.613579 0.438141
0.0158489 4.12606 0.613836 0.438143
0.0162181 4.12666 0.6141 0.438214
0.0165959 4.12728 0.614369 0.438278
0.0169824 4.12791 0.614645 0.438314
0.017378 4.12855 0.614927 0.438368
0.0177828 4.12921 0.615216 0.438393
0.018197 4.12988 0.615511 0.438436
0.0186209 4.13057 0.615812 0.438474
0.0190546 4.13127 0.616121 0.438482
0.0194984 4.13199 0.616437 0.438604
0.0199526 4.13273 0.61676 0.438624
0.0204174 4.13348 0.617091 0.438661
0.020893 4.13425 0.617429 0.43874
0.0213796 4.13504 0.617774 0.438813
0.0218776 4.13585 0.618128 0.438831
0.0223872 4.13667 0.61849 0.438891
0.0229087 4.13752 0.61886 0.438967
0.0234423 4.13838 0.619238 0.438988
0.0239883 4.13926 0.619625 0.43905
0.0245471 4.14016 0.620021 0.439153
0.0251189 4.14108 0.620426 0.439199
0.025704 4.14203 0.62084 0.439238
0.0263027 4.14299 0.621263 0.439317
0.0269153 4.14398 0.621696 0.439364
0.0275423 4.14498 0.622139 0.439451
0.0281838 4.14601 0.622592 0.439481
0.0288403 4.14707 0.623056 0.439598
0.0295121 4.14815 0.623529 0.439611
0.0301995 4.14925 0.624014 0.43971
0.030903 4.15037 0.62451 0.439824
0.0316228 4.15153 0.625016 0.43988
0.0323594 4.15271 0.625535 0.43995
0.0331131 4.15391 0.626064 0.440035
0.0338844 4.15514 0.626606 0.440181
0.0346737 4.1564 0.627161 0.440197
0.0354813 4.15769 0.627727 0.440345
0.0363078 4.159 0.628307 0.440388
0.0371535 4.16035 0.628899 0.440467
0.0380189 4.16172 0.629505 0.440535
0.0389045 4.16313 0.630125 0.440686
0.0398107 4.16457 0.630758 0.440754
0.040738 4.16604 0.631406 0.440881
0.0416869 4.16754 0.632068 0.440948
0.042658 4.16907 0.632745 0.44105
0.0436516 4.17064 0.633438 0.441187
0.0446684 4.17225 0.634146 0.441287
0.0457088 4.17389 0.634869 0.441396
0.0467735 4.17556 0.635609 0.441492
0.047863 4.17728 0.636365 0.441597
0.0489779 4.17903 0.637139 0.441712
0.0501187 4.18082 0.637929 0.441836
0.0512861 4.18265 0.638737 0.441968
0.0524807 4.18452 0.639564 0.44206
0.0537032 4.18643 0.640408 0.442209
0.0549541 4.18838 0.641271 0.442341
0.0562341 4.19037 0.642154 0.442457
0.057544 4.19241 0.643056 0.442625
0.0588844 4.19449 0.643978 0.442754
0.060256 4.19662 0.64492 0.442842
0.0616595 4.1988 0.645884 0.443029
0.0630957 4.20102 0.646868 0.443197
0.0645654 4.20329 0.647875 0.443324
0.0660693 4.20561 0.648903 0.443455
0.0676083 4.20798 0.649954 0.443636
0.0691831 4.2104 0.651028 0.443774
0.0707946 4.21287 0.652126 0.443985
0.0724436 4.2154 0.653248 0.444107
0.074131 4.21798 0.654395 0.444276
0.0758578 4.22062 0.655566 0.444446
0.0776247 4.22331 0.656763 0.444618
0.0794328 4.22606 0.657986 0.444859
0.0812831 4.22887 0.659236 0.444987
0.0831764 4.23174 0.660513 0.445181
0.0851138 4.23467 0.661818 0.445399
0.0870964 4.23766 0.663151 0.445592
0.0891251 4.24072 0.664514 0.445759
0.0912011 4.24384 0.665905 0.445993
0.0933254 4.24702 0.667327 0.446201
0.0954993 4.25028 0.668779 0.446405
0.0977237 4.2536 0.670262 0.446652
0.1 4.25699 0.671778 0.446868
0.102329 4.26046 0.673326 0.447059
0.104713 4.26399 0.674907 0.447288
0.107152 4.2676 0.676522 0.447533
0.109648 4.27129 0.678172 0.447772
0.112202 4.27505 0.679856 0.448025
0.114815 4.27889 0.681577 0.448291
0.11749 4.28281 0.683334 0.448547
0.120226 4.28681 0.685128 0.448794
0.123027 4.29089 0.686961 0.449052
0.125893 4.29505 0.688832 0.449299
0.128825 4.2993 0.690743 0.44958
0.131826 4.30364 0.692694 0.44987
0.134896 4.30807 0.694686 0.450123
0.138038 4.31259 0.696719 0.450429
0.141254 4.31719 0.698796 0.45072
0.144544 4.3219 0.700915 0.451039
0.147911 4.32669 0.703079 0.45134
0.151356 4.33158 0.705288 0.45167
0.154882 4.33657 0.707543 0.451958
0.158489 4.34167 0.709845 0.452293
0.162181 4.34686 0.712194 0.452609
0.165959 4.35215 0.714591 0.452904
0.169824 4.35755 0.717038 0.453284
0.17378 4.36306 0.719536 0.453646
0.177828 4.36868 0.722084 0.453998
0.18197 4.3744 0.724685 0.454376
0.186209 4.38024 0.727339 0.454725
0.190546 4.38619 0.730046 0.455092
0.194984 4.39226 0.732809 0.455497
0.199526 4.39845 0.735628 0.455831
0.204174 4.40475 0.738503 0.45624
0.20893 4.41118 0.741437 0.456686
0.213796 4.41773 0.74443 0.457074
0.218776 4.42441 0.747482 0.457474
0.223872 4.43121 0.750596 0.457908
0.229087 4.43814 0.753772 0.458283
0.234423 4.44521 0.757011 0.458768
0.239883 4.4524 0.760315 0.459237
0.245471 4.45974 0.763684 0.459651
0.251189 4.46721 0.767119 0.460128
0.25704 4.47482 0.770622 0.460565
0.263027 4.48257 0.774194 0.461043
0.269153 4.49046 0.777836 0.461499
0.275423 4.4985 0.781549 0.462014
0.281838 4.50669 0.785334 0.462506
0.288403 4.51503 0.789193 0.463032
0.295121 4.52352 0.793127 0.463552
0.301995 4.53217 0.797137 0.46404
0.30903 4.54097 0.801224 0.46462
0.316228 4.54993 0.805389 0.465112
0.323594 4.55905 0.809634 0.465651
0.331131 4.56834 0.81396 0.466192
0.338844 4.57779 0.818369 0.466779
0.346737 4.58741 0.822861 0.46735
0.354813 4.59719 0.827438 0.467924
0.363078 4.60715 0.832102 0.468489
0.371535 4.61729 0.836853 0.4691
0.380189 4.6276 0.841693 0.469663
0.389045 4.63809 0.846624 0.470356
0.398107 4.64876 0.851647 0.470887
0.40738 4.65962 0.856763 0.471545
0.416869 4.67066 0.861973 0.472192
0.42658 4.68189 0.86728 0.472838
0.436516 4.69331 0.872685 0.473513
0.446684 4.70493 0.878188 0.474192
0.457088 4.71674 0.883793 0.474833
0.467735 4.72874 0.889499 0.475544
0.47863 4.74095 0.895309 0.476218
0.489779 4.75337 0.901224 0.476922
0.501187 4.76598 0.907246 0.477651
0.512861 4.77881 0.913376 0.478377
0.524807 4.79184 0.919616 0.479104
0.537032 4.80509 0.925968 0.479816
0.549541 4.81855 0.932433 0.480568
0.562341 4.83223 0.939012 0.481358
0.57544 4.84613 0.945708 0.482158
0.588844 4.86025 0.952522 0.482888
0.60256 4.8746 0.959456 0.483672
0.616595 4.88917 0.966511 0.484453
0.630957 4.90398 0.97369 0.485255
0.645654 4.91902 0.980993 0.486096
0.660693 4.93429 0.988423 0.486904
0.676083 4.9498 0.995982 0.48774
0.691831 4.96555 1.00367 0.488581
0.707946 4.98154 1.01149 0.489411
0.724436 4.99778 1.01945 0.490258
0.74131 5.01427 1.02754 0.491147
0.758578 5.03101 1.03576 0.492014
0.776247 5.048 1.04413 0.492932
0.794328 5.06525 1.05264 0.493797
0.812831 5.08275 1.06129 0.49472
0.831764 5.10052 1.07009 0.495631
0.851138 5.11855 1.07903 0.496542
0.870964 5.13684 1.08813 0.497455
0.891251 5.15541 1.09737 0.498396
0.912011 5.17425 1.10677 0.499349
0.933254 5.19336 1.11632 0.500321
0.954993 5.21275 1.12603 0.50125
0.977237 5.23242 1.1359 0.502256
1 5.25237 1.14593 0.503247
1.02329 5.2726 1.15613 0.504221
1.04713 5.29313 1.16648 0.505209
1.07152 5.31394 1.17701 0.506215
1.09648 5.33505 1.18771 0.507242
1.12202 5.35646 1.19858 0.508273
1.14815 5.37816 1.20962 0.509313
1.1749 5.40017 1.22084 0.510317
1.20226 5.42248 1.23224 0.511413
1.23027 5.4451 1.24382 0.512482
1.25893 5.46804 1.25558 0.513521
1.28825 5.49128 1.26753 0.514576
1.31826 5.51484 1.27967 0.515662
1.34896 5.53872 1.29199 0.516708
1.38038 5.56292 1.30451 0.517843
1.41254 5.58745 1.31723 0.518936
1.44544 5.61231 1.33014 0.519995
1.47911 5.6375 1.34326 0.521164
1.51356 5.66302 1.35657 0.522268
1.54882 5.68888 1.37009 0.523363
1.58489 5.71508 1.38382 0.524511
1.62181 5.74162 1.39776 0.525656
1.65959 5.76851 1.41191 0.526837
1.69824 5.79575 1.42628 0.527984
1.7378 5.82335 1.44086 0.529141
1.77828 5.8513 1.45567 0.530317
1.8197 5.87961 1.47069 0.53148
1.86209 5.90828 1.48595 0.532638
1.90546 5.93732 1.50143 0.533759
1.94984 5.96672 1.51715 0.534991
1.99526 5.9965 1.5331 0.53618
2.04174 6.02666 1.54928 0.537392
2.0893 6.0572 1.56571 0.538537
2.13796 6.08811 1.58238 0.53979
2.18776 6.11942 1.5993 0.540972
2.23872 6.15111 1.61646 0.542227
2.29087 6.1832 1.63388 0.543352
2.34423 6.21568 1.65155 0.544628
2.39883 6.24857 1.66948 0.545836
2.45471 6.28185 1.68767 0.547092
2.51189 6.31555 1.70613 0.548291
2.5704 6.34966 1.72485 0.549507
2.63027 6.38418 1.74384 0.550781
2.69153 6.41912 1.7631 0.551993
2.75423 6.45448 1.78265 0.553246
2.81838 6.49027 1.80247 0.55443
2.88403 6.52649 1.82257 0.555667
2.95121 6.56314 1.84296 0.556942
3.01995 6.60024 1.86364 0.558159
3.0903 6.63777 1.88462 0.559397
3.16228 6.67575 1.90589 0.560659
3.23594 6.71418 1.92746 0.561878
3.31131 6.75307 1.94933 0.563144
3.38844 6.79241 1.97151 0.564352
3.46737 6.83222 1.994 0.565616
3.54813 6.87249 2.01681 0.566846
3.63078 6.91324 2.03993 0.568082
3.71535 6.95446 2.06337 0.569307
3.80189 6.99616 2.08714 0.570522
3.89045 7.03835 2.11123 0.571784
3.98107 7.08102 2.13566 0.573002
4.0738 7.12419 2.16042 0.574231
4.16869 7.16786 2.18552 0.57543
4.2658 7.21203 2.21097 0.576636
4.36516 7.25671 2.23676 0.577867
4.46684 7.30191 2.26291 0.579083
4.57088 7.34762 2.2894 0.580272
4.67735 7.39385 2.31626 0.581492
4.7863 7.44062 2.34348 0.58267
4.89779 7.48791 2.37107 0.583856
5.01187 7.53574 2.39902 0.585039
5.12861 7.58412 2.42735 0.586203
5.24807 7.63305 2.45606 0.58739
5.37032 7.68252 2.48515 0.588579
5.49541 7.73256 2.51463 0.589722
5.62341 7.78317 2.5445 0.590805
5.7544 7.83434 2.57477 0.591974
5.88844 7.88609 2.60543 0.593078
6.0256 7.93842 2.6365 0.5942
6.16595 7.99134 2.66797 0.595305
6.30957 8.04485 2.69986 0.596388
6.45654 8.09897 2.73216 0.597509
6.60693 8.15368 2.76488 0.598567
6.76083 8.20901 2.79803 0.599606
6.91831 8.26496 2.8316 0.600593
7.07946 8.32153 2.86561 0.601691
7.24436 8.37874 2.90006 0.602724
7.4131 8.43657 2.93495 0.603697
7.58578 8.49505 2.97028 0.604759
7.76247 8.55419 3.00607 0.605642
7.94328 8.61397 3.04231 0.60665
8.12831 8.67443 3.07901 0.60752
8.31764 8.73555 3.11617 0.6085
8.51138 8.79735 3.15381 0.609405
8.70964 8.85983 3.19191 0.61024
8.91251 8.92301 3.2305 0.611147
9.12011 8.98689 3.26956 0.61201
9.33254 9.05147 3.30912 0.612839
9.54993 9.11677 3.34916 0.61366
9.77237 9.18279 3.3897 0.614471
10 9.24953 3.43074 0.615197
10.2329 9.31702 3.47228 0.615981
10.4713 9.38525 3.51433 0.616677
10.7152 9.45424 3.5569 0.617348
10.9648 9.52399 3.59998 0.618084
11.2202 9.59451 3.64359 0.618689
11.4815 9.6658 3.68772 0.619261
11.749 9.73789 3.73239 0.61987
12.0226 9.81077 3.77759 0.620459
12.3027 9.88446 3.82333 0.620983
12.5893 9.95896 3.86961 0.621476
12.8825 10.0343 3.91644 0.622028
13.1826 10.1104 3.96383 0.622403
13.4896 10.1874 4.01177 0.622861
13.8038 10.2653 4.06027 0.623171
14.1254 10.344 4.10934 0.623539
14.4544 10.4236 4.15898 0.623831
14.7911 10.5041 4.20919 0.624132
15.1356 10.5854 4.25998 0.62439
15.4882 10.6677 4.31135 0.624484
15.8489 10.7509 4.3633 0.624751
16.2181 10.835 4.41585 0.624822
16.5959 10.92 4.46898 0.624916
16.9824 11.006 4.52271 0.624973
17.378 11.0929 4.57705 0.624918
17.7828 11.1808 4.63198 0.624838
18.197 11.2697 4.68752 0.624765
18.6209 11.3596 4.74367 0.624626
19.0546 11.4505 4.80044 0.624444
19.4984 11.5424 4.85781 0.624178
19.9526 11.6354 4.91581 0.623897
20.4174 11.7293 4.97443 0.623569
20.893 11.8244 5.03367 0.623109
21.3796 11.9205 5.09354 0.622673
21.8776 12.0177 5.15403 0.622225
22.3872 12.116 5.21516 0.62152
22.9087 12.2154 5.27691 0.620931
23.4423 12.3159 5.3393 0.620235
23.9883 12.4176 5.40233 0.619511
24.5471 12.5204 5.46599 0.618706
25.1189 12.6244 5.53028 0.617834
25.704 12.7296 5.59522 0.616874
26.3027 12.8359 5.66079 0.61587
26.9153 12.9435 5.727 0.614744
27.5423 13.0524 5.79384 0.613639
28.1838 13.1625 5.86133 0.612337
28.8403 13.2738 5.92945 0.611089
29.5121 13.3865 5.99821 0.609709
30.1995 13.5004 6.0676 0.608199
30.903 13.6157 6.13762 0.606676
31.6228 13.7323 6.20827 0.605058
32.3594 13.8503 6.27955 0.60333
33.1131 13.9696 6.35145 0.601592
33.8844 14.0904 6.42397 0.599617
34.6737 14.2125 6.49711 0.597678
35.4813 14.3361 6.57086 0.595601
36.3078 14.4612 6.64522 0.593433
37.1535 14.5878 6.72017 0.591139
38.0189 14.7158 6.79572 0.588766
38.9045 14.8454 6.87186 0.586268
39.8107 14.9765 6.94858 0.583668
40.738 15.1093 7.02586 0.580988
41.6869 15.2436 7.10371 0.578206
42.658 15.3795 7.18211 0.575312
43.6516 15.5171 7.26106 0.572237
44.6684 15.6564 7.34053 0.569036
45.7088 15.7973 7.42052 0.56572
46.7735 15.94 7.50102 0.56233
47.863 16.0845 7.582 0.55881
48.9779 16.2308 7.66346 0.555126
50.1187 16.3788 7.74538 0.5513
51.2861 16.5288 7.82774 0.547375
52.4807 16.6806 7.91052 0.54321
53.7032 16.8343 7.9937 0.538937
54.9541 16.99 8.07726 0.534492
56.2341 17.1476 8.16118 0.529932
57.544 17.3073 8.24543 0.525325
58.8844 17.469 8.32998 0.520274
60.256 17.6329 8.41481 0.515334
61.6595 17.7988 8.4999 0.510067
63.0957 17.9669 8.5852 0.504596
64.5654 18.1373 8.67068 0.498962
66.0693 18.3099 8.75631 0.493247
67.6083 18.4848 8.84205 0.487312
69.1831 18.662 8.92786 0.481017
70.7946 18.8416 9.0137 0.47463
72.4436 19.0237 9.09952 0.467983
74.131 19.2083 9.18528 0.461199
75.8578 19.3954 9.27092 0.454145
77.6247 19.5851 9.35638 0.446815
79.4328 19.7775 9.44162 0.439365
81.2831 19.9726 9.52657 0.431452
83.1764 20.1704 9.61117 0.423527
85.1138 20.3711 9.69534 0.415209
87.0964 20.5747 9.77901 0.406653
89.1251 20.7813 9.86212 0.397857
91.2011 20.9909 9.94456 0.388712
93.3254 21.2037 10.0263 0.379321
95.4993 21.4196 10.1071 0.369582
97.7237 21.6388 10.187 0.359608
100 21.8614 10.2659 0.34914
102.329 22.0875 10.3436 0.338399
104.713 22.317 10.4201 0.327397
107.152 22.5503 10.4951 0.316028
109.648 22.7872 10.5686 0.304277
112.202 23.0281 10.6404 0.29209
114.815 23.2729 10.7104 0.279532
117.49 23.5218 10.7784 0.26654
120.226 23.7749 10.8441 0.253129
123.027 24.0324 10.9075 0.239264
125.893 24.2944 10.9683 0.224901
128.825 24.561 11.0263 0.210018
131.826 24.8325 11.0813 0.19479
134.896 57.3537 -28.8129 -3.09434
