Pressure (Mbar) | Density (g cm^-3) | dP/dRho (Mbar g^-1 cm^3) | d^2P/dRho^2 (Mbar g^-2 cm^6)

1.000000e-05 4.394407e-04 0.022848 0.022569
1.023293e-05 4.466013e-04 0.023007 0.022569
1.047129e-05 4.538775e-04 0.023166 0.022739
1.071519e-05 4.612711e-04 0.023327 0.022905
1.096478e-05 4.687840e-04 0.023494 0.023794
1.122018e-05 4.764231e-04 0.023658 0.023389
1.148154e-05 4.841883e-04 0.023823 0.023412
1.174898e-05 4.920743e-04 0.023989 0.023701
1.202264e-05 5.000942e-04 0.024157 0.023887
1.230269e-05 5.082454e-04 0.024323 0.023691
1.258925e-05 5.165342e-04 0.024486 0.023268
1.288250e-05 5.249535e-04 0.024655 0.024016
1.318257e-05 5.335102e-04 0.024825 0.024183
1.348963e-05 5.422065e-04 0.024996 0.024348
1.380384e-05 5.510448e-04 0.025171 0.024889
1.412538e-05 5.600194e-04 0.025347 0.025140
1.445440e-05 5.691475e-04 0.025523 0.025075
1.479108e-05 5.784252e-04 0.025700 0.025239
1.513561e-05 5.878552e-04 0.025879 0.025406
1.548817e-05 5.974397e-04 0.026055 0.025170
1.584893e-05 6.071800e-04 0.026237 0.025915
1.621810e-05 6.170709e-04 0.026422 0.026235
1.659587e-05 6.271254e-04 0.026605 0.026100
1.698244e-05 6.373439e-04 0.026789 0.026286
1.737801e-05 6.477294e-04 0.026978 0.026882
1.778279e-05 6.582801e-04 0.027168 0.027086
1.819701e-05 6.690152e-04 0.027358 0.026994
1.862087e-05 6.799286e-04 0.027549 0.027156
1.905461e-05 6.910233e-04 0.027741 0.027319
1.949845e-05 7.023022e-04 0.027937 0.027907
1.995262e-05 7.137578e-04 0.028127 0.027005
2.041738e-05 7.253919e-04 0.028321 0.027644
2.089296e-05 7.372141e-04 0.028516 0.027852
2.137962e-05 7.492274e-04 0.028713 0.028053
2.187762e-05 7.614349e-04 0.028904 0.027154
2.238721e-05 7.738509e-04 0.029105 0.028677
2.290868e-05 7.864634e-04 0.029312 0.029507
2.344229e-05 7.992926e-04 0.029514 0.028717
2.398833e-05 8.123352e-04 0.029717 0.028908
2.454709e-05 8.255950e-04 0.029921 0.028890
2.511886e-05 8.390736e-04 0.030140 0.031240
2.570396e-05 8.527637e-04 0.030352 0.030092
2.630268e-05 8.666772e-04 0.030565 0.030293
2.691535e-05 8.808176e-04 0.030779 0.030505
2.754229e-05 8.951888e-04 0.031002 0.031742
2.818383e-05 9.097788e-04 0.031211 0.029708
2.884032e-05 9.246229e-04 0.031427 0.030768
2.951209e-05 9.397115e-04 0.031645 0.030972
3.019952e-05 9.550488e-04 0.031864 0.031163
3.090295e-05 9.706387e-04 0.032082 0.031093
3.162278e-05 9.864921e-04 0.032304 0.031539
3.235937e-05 1.002592e-03 0.032529 0.032003
3.311311e-05 1.018965e-03 0.032754 0.031954
3.388442e-05 1.035611e-03 0.032978 0.031850
3.467369e-05 1.052534e-03 0.033210 0.032965
3.548134e-05 1.069728e-03 0.033447 0.033605
3.630781e-05 1.087194e-03 0.033681 0.033314
3.715352e-05 1.104942e-03 0.033917 0.033554
3.801894e-05 1.122979e-03 0.034163 0.035016
3.890451e-05 1.141308e-03 0.034402 0.033922
3.981072e-05 1.159908e-03 0.034633 0.032971
4.073803e-05 1.178856e-03 0.034873 0.034004
4.168694e-05 1.198122e-03 0.035113 0.034196
4.265795e-05 1.217712e-03 0.035353 0.034022
4.365158e-05 1.237631e-03 0.035600 0.035025
4.466836e-05 1.257874e-03 0.035850 0.035506
4.570882e-05 1.278415e-03 0.036102 0.035798
4.677351e-05 1.299306e-03 0.036353 0.035616
4.786301e-05 1.320543e-03 0.036605 0.035907
4.897788e-05 1.342132e-03 0.036864 0.036729
5.011872e-05 1.364066e-03 0.037123 0.036830
5.128614e-05 1.386380e-03 0.037383 0.036817
5.248075e-05 1.409066e-03 0.037644 0.037039
5.370318e-05 1.432129e-03 0.037911 0.037856
5.495409e-05 1.455576e-03 0.038170 0.036792
5.623413e-05 1.479400e-03 0.038429 0.036684
5.754399e-05 1.503616e-03 0.038695 0.037727
5.888437e-05 1.528229e-03 0.038963 0.037984
6.025596e-05 1.553246e-03 0.039234 0.038497
6.165950e-05 1.578675e-03 0.039518 0.040200
6.309573e-05 1.604539e-03 0.039796 0.039448
6.456542e-05 1.630822e-03 0.040078 0.039995
6.606934e-05 1.657554e-03 0.040355 0.039161
6.760830e-05 1.684730e-03 0.040638 0.040108
6.918310e-05 1.712360e-03 0.040913 0.038922
7.079458e-05 1.740444e-03 0.041190 0.039196
7.244360e-05 1.768971e-03 0.041474 0.040255
7.413102e-05 1.797963e-03 0.041761 0.040544
7.585776e-05 1.827430e-03 0.042046 0.040426
7.762471e-05 1.857378e-03 0.042347 0.042687
7.943282e-05 1.887786e-03 0.042652 0.043161
8.128305e-05 1.918747e-03 0.042951 0.042293
8.317638e-05 1.950224e-03 0.043251 0.042547
8.511380e-05 1.982227e-03 0.043554 0.042807
8.709636e-05 2.014764e-03 0.043858 0.043067
8.912509e-05 2.047843e-03 0.044165 0.043329
9.120108e-05 2.081475e-03 0.044473 0.043595
9.332543e-05 2.115674e-03 0.044784 0.043932
9.549926e-05 2.150453e-03 0.045096 0.044016
9.772372e-05 2.185820e-03 0.045407 0.043921
1.000000e-04 2.221726e-03 0.045719 0.044062
1.023293e-04 2.258241e-03 0.046035 0.044724
1.047129e-04 2.295358e-03 0.046354 0.045032
1.071519e-04 2.333086e-03 0.046666 0.043964
1.096478e-04 2.371476e-03 0.047003 0.047613
1.122018e-04 2.410485e-03 0.047332 0.046453
1.148154e-04 2.450140e-03 0.047663 0.046754
1.174898e-04 2.490453e-03 0.047997 0.047061
1.202264e-04 2.531435e-03 0.048344 0.048914
1.230269e-04 2.573066e-03 0.048673 0.046541
1.258925e-04 2.615410e-03 0.049012 0.047743
1.288250e-04 2.658463e-03 0.049352 0.048023
1.318257e-04 2.702237e-03 0.049695 0.048312
1.348963e-04 2.746773e-03 0.050046 0.049452
1.380384e-04 2.792007e-03 0.050396 0.049344
1.412538e-04 2.838022e-03 0.050748 0.049588
1.445440e-04 2.884806e-03 0.051103 0.049898
1.479108e-04 2.932373e-03 0.051459 0.050206
1.513561e-04 2.980736e-03 0.051816 0.050250
1.548817e-04 3.029979e-03 0.052173 0.050124
1.584893e-04 3.079960e-03 0.052536 0.051102
1.621810e-04 3.130767e-03 0.052902 0.051460
1.659587e-04 3.182413e-03 0.053270 0.051817
1.698244e-04 3.234910e-03 0.053645 0.052767
1.737801e-04 3.288209e-03 0.054026 0.053658
1.778279e-04 3.342491e-03 0.054404 0.053233
1.819701e-04 3.397689e-03 0.054785 0.053540
1.862087e-04 3.453818e-03 0.055168 0.053851
1.905461e-04 3.510894e-03 0.055561 0.055229
1.949845e-04 3.568916e-03 0.055957 0.055556
1.995262e-04 3.627875e-03 0.056347 0.054809
2.041738e-04 3.687813e-03 0.056744 0.055825
2.089296e-04 3.748752e-03 0.057144 0.056170
2.137962e-04 3.810709e-03 0.057541 0.055783
2.187762e-04 3.873651e-03 0.057932 0.054928
2.238721e-04 3.937673e-03 0.058334 0.056458
2.290868e-04 4.002760e-03 0.058738 0.056840
2.344229e-04 4.068929e-03 0.059146 0.057214
2.398833e-04 4.136199e-03 0.059551 0.056833
2.454709e-04 4.204550e-03 0.059989 0.061647
2.511886e-04 4.274065e-03 0.060414 0.059668
2.570396e-04 4.344732e-03 0.060842 0.060076
2.630268e-04 4.416569e-03 0.061279 0.061391
2.691535e-04 4.489595e-03 0.061722 0.062107
2.754229e-04 4.563849e-03 0.062158 0.061272
2.818383e-04 4.639366e-03 0.062598 0.061766
2.884032e-04 4.716152e-03 0.063041 0.062144
2.951209e-04 4.794240e-03 0.063493 0.063325
3.019952e-04 4.873640e-03 0.063932 0.061513
3.090295e-04 4.954342e-03 0.064375 0.062093
3.162278e-04 5.036378e-03 0.064826 0.063292
3.235937e-04 5.119776e-03 0.065281 0.063734
3.311311e-04 5.204559e-03 0.065735 0.063744
3.388442e-04 5.290749e-03 0.066217 0.067456
3.467369e-04 5.378396e-03 0.066701 0.067942
3.548134e-04 5.467494e-03 0.067180 0.067000
3.630781e-04 5.558074e-03 0.067661 0.067457
3.715352e-04 5.650159e-03 0.068152 0.068792
3.801894e-04 5.743775e-03 0.068631 0.067087
3.890451e-04 5.838879e-03 0.069111 0.067314
3.981072e-04 5.935558e-03 0.069603 0.068969
4.073803e-04 6.033835e-03 0.070098 0.069470
4.168694e-04 6.133735e-03 0.070600 0.070376
4.265795e-04 6.235286e-03 0.071112 0.071818
4.365158e-04 6.338571e-03 0.071622 0.071463
4.466836e-04 6.443584e-03 0.072135 0.071913
4.570882e-04 6.550352e-03 0.072652 0.072394
4.677351e-04 6.658904e-03 0.073176 0.073408
4.786301e-04 6.769266e-03 0.073709 0.074723
4.897788e-04 6.881383e-03 0.074242 0.074660
5.011872e-04 6.995342e-03 0.074779 0.075223
5.128614e-04 7.111171e-03 0.075319 0.075798
5.248075e-04 7.228902e-03 0.075857 0.075430
5.370318e-04 7.348670e-03 0.076417 0.078500
5.495409e-04 7.470347e-03 0.076973 0.077961
5.623413e-04 7.594016e-03 0.077533 0.078565
5.754399e-04 7.719710e-03 0.078098 0.079179
5.888437e-04 7.847460e-03 0.078682 0.081866
6.025596e-04 7.977121e-03 0.079257 0.080902
6.165950e-04 8.109049e-03 0.079840 0.081786
6.309573e-04 8.243162e-03 0.080427 0.082371
6.456542e-04 8.379495e-03 0.081018 0.082967
6.606934e-04 8.518085e-03 0.081616 0.083980
6.760830e-04 8.659002e-03 0.082228 0.085806
6.918310e-04 8.802163e-03 0.082836 0.085490
7.079458e-04 8.947741e-03 0.083449 0.085974
7.244360e-04 9.095741e-03 0.084066 0.086566
7.413102e-04 9.246201e-03 0.084694 0.088165
7.585776e-04 9.399067e-03 0.085317 0.087505
7.762471e-04 9.554324e-03 0.085950 0.088973
7.943282e-04 9.712084e-03 0.086588 0.089737
8.128305e-04 9.872387e-03 0.087232 0.090505
8.317638e-04 1.003527e-02 0.087892 0.092907
8.511380e-04 1.020084e-02 0.088577 0.096449
8.709636e-04 1.036912e-02 0.089250 0.094706
8.912509e-04 1.054015e-02 0.089929 0.095453
9.120108e-04 1.071396e-02 0.090612 0.096220
9.332543e-04 1.089061e-02 0.091290 0.095393
9.549926e-04 1.107030e-02 0.091977 0.096721
9.772372e-04 1.125281e-02 0.092675 0.098352
1.000000e-03 1.143826e-02 0.093380 0.099218
1.023293e-03 1.162670e-02 0.094091 0.100252
1.047129e-03 1.181816e-02 0.094830 0.104110
1.071519e-03 1.201265e-02 0.095569 0.104238
1.096478e-03 1.221028e-02 0.096309 0.104448
1.122018e-03 1.241106e-02 0.097054 0.105183
1.148154e-03 1.261503e-02 0.097809 0.106727
1.174898e-03 1.282224e-02 0.098572 0.107760
1.202264e-03 1.303287e-02 0.099331 0.107234
1.230269e-03 1.324684e-02 0.100102 0.109038
1.258925e-03 1.346424e-02 0.100880 0.110004
1.288250e-03 1.368513e-02 0.101657 0.110048
1.318257e-03 1.390955e-02 0.102477 0.116001
1.348963e-03 1.413715e-02 0.103309 0.118139
1.380384e-03 1.436881e-02 0.104130 0.116245
1.412538e-03 1.460422e-02 0.104957 0.117235
1.445440e-03 1.484342e-02 0.105782 0.116852
1.479108e-03 1.508648e-02 0.106637 0.121174
1.513561e-03 1.533335e-02 0.107504 0.123039
1.548817e-03 1.558385e-02 0.108368 0.122753
1.584893e-03 1.583827e-02 0.109240 0.123963
1.621810e-03 1.609664e-02 0.110112 0.124059
1.659587e-03 1.635905e-02 0.111006 0.127311
1.698244e-03 1.662580e-02 0.111920 0.130164
1.737801e-03 1.689667e-02 0.112839 0.130998
1.778279e-03 1.717159e-02 0.113753 0.130357
1.819701e-03 1.745113e-02 0.114680 0.132160
1.862087e-03 1.773510e-02 0.115636 0.136340
1.905461e-03 1.802349e-02 0.116597 0.137212
1.949845e-03 1.831637e-02 0.117558 0.137357
1.995262e-03 1.861383e-02 0.118529 0.138681
2.041738e-03 1.891594e-02 0.119507 0.139965
2.089296e-03 1.922276e-02 0.120545 0.148441
2.137962e-03 1.953455e-02 0.121584 0.148716
2.187762e-03 1.985093e-02 0.122616 0.147957
2.238721e-03 2.017218e-02 0.123658 0.149470
2.290868e-03 2.049838e-02 0.124725 0.153078
2.344229e-03 2.082958e-02 0.125789 0.152834
2.398833e-03 2.116549e-02 0.126855 0.153523
2.454709e-03 2.150673e-02 0.127945 0.156920
2.511886e-03 2.185316e-02 0.129046 0.158617
2.570396e-03 2.220486e-02 0.130165 0.161405
2.630268e-03 2.256191e-02 0.131333 0.168517
2.691535e-03 2.292450e-02 0.132494 0.167747
2.754229e-03 2.329262e-02 0.133659 0.168408
2.818383e-03 2.366631e-02 0.134836 0.170247
2.884032e-03 2.404565e-02 0.136012 0.170224
2.951209e-03 2.443074e-02 0.137148 0.164732
3.019952e-03 2.482187e-02 0.138376 0.177977
3.090295e-03 2.521889e-02 0.139584 0.175236
3.162278e-03 2.562190e-02 0.140804 0.177281
3.235937e-03 2.603099e-02 0.142010 0.175322
3.311311e-03 2.644623e-02 0.143371 0.197964
3.388442e-03 2.686773e-02 0.144768 0.203469
3.467369e-03 2.729524e-02 0.146104 0.194889
3.548134e-03 2.772907e-02 0.147454 0.197059
3.630781e-03 2.816929e-02 0.148818 0.199367
3.715352e-03 2.861600e-02 0.150206 0.203191
3.801894e-03 2.906924e-02 0.151583 0.201792
3.890451e-03 2.952921e-02 0.152997 0.207284
3.981072e-03 2.999594e-02 0.154425 0.209760
4.073803e-03 3.046950e-02 0.155869 0.212235
4.168694e-03 3.095000e-02 0.157356 0.218859
4.265795e-03 3.143738e-02 0.158835 0.217877
4.365158e-03 3.193168e-02 0.160342 0.222407
4.466836e-03 3.243308e-02 0.161865 0.225142
4.570882e-03 3.294166e-02 0.163405 0.227932
4.677351e-03 3.345753e-02 0.164974 0.232409
4.786301e-03 3.398082e-02 0.166603 0.241703
4.897788e-03 3.451168e-02 0.168232 0.242094
5.011872e-03 3.505010e-02 0.169880 0.245095
5.128614e-03 3.559618e-02 0.171493 0.240177
5.248075e-03 3.615029e-02 0.173197 0.253982
5.370318e-03 3.671232e-02 0.174971 0.264781
5.495409e-03 3.728213e-02 0.176724 0.262178
5.623413e-03 3.785993e-02 0.178489 0.264248
5.754399e-03 3.844586e-02 0.180274 0.267606
5.888437e-03 3.904003e-02 0.182097 0.273643
6.025596e-03 3.964253e-02 0.183945 0.277889
6.165950e-03 4.025328e-02 0.185795 0.278614
6.309573e-03 4.087252e-02 0.187679 0.284211
6.456542e-03 4.150033e-02 0.189586 0.287978
6.606934e-03 4.213682e-02 0.191515 0.291768
6.760830e-03 4.278208e-02 0.193541 0.306978
6.918310e-03 4.343599e-02 0.195595 0.311856
7.079458e-03 4.409847e-02 0.197647 0.312102
7.244360e-03 4.476988e-02 0.199723 0.316356
7.413102e-03 4.545032e-02 0.201824 0.320721
7.585776e-03 4.613990e-02 0.203937 0.323058
7.762471e-03 4.683913e-02 0.206127 0.335342
7.943282e-03 4.754776e-02 0.208337 0.338879
8.128305e-03 4.826577e-02 0.210574 0.343673
8.317638e-03 4.899326e-02 0.212839 0.348554
8.511380e-03 4.973036e-02 0.215139 0.354761
8.709636e-03 5.047717e-02 0.217508 0.365981
8.912509e-03 5.123326e-02 0.219911 0.372155
9.120108e-03 5.199936e-02 0.222338 0.376410
9.332543e-03 5.277612e-02 0.224724 0.370506
9.549926e-03 5.356245e-02 0.227212 0.387391
9.772372e-03 5.435894e-02 0.229785 0.401405
1.000000e-02 5.516565e-02 0.232435 0.414144
1.023293e-02 5.598304e-02 0.235051 0.409521
1.047129e-02 5.681102e-02 0.237699 0.415344
1.071519e-02 5.764972e-02 0.240380 0.421326
1.096478e-02 5.849924e-02 0.243135 0.433531
1.122018e-02 5.935971e-02 0.245970 0.447163
1.148154e-02 6.023092e-02 0.248799 0.446945
1.174898e-02 6.111198e-02 0.251673 0.455814
1.202264e-02 6.200389e-02 0.254585 0.462774
1.230269e-02 6.290675e-02 0.257536 0.469902
1.258925e-02 6.382067e-02 0.260550 0.481200
1.288250e-02 6.474584e-02 0.263623 0.491686
1.318257e-02 6.568251e-02 0.266730 0.498038
1.348963e-02 6.663063e-02 0.269878 0.505742
1.380384e-02 6.759032e-02 0.273067 0.513531
1.412538e-02 6.856170e-02 0.276278 0.518089
1.445440e-02 6.954489e-02 0.279591 0.535759
1.479108e-02 7.054060e-02 0.282986 0.550036
1.513561e-02 7.154800e-02 0.286409 0.555720
1.548817e-02 7.256755e-02 0.289877 0.564327
1.584893e-02 7.359937e-02 0.293391 0.573124
1.621810e-02 7.464358e-02 0.296950 0.581761
1.659587e-02 7.570031e-02 0.300611 0.599695
1.698244e-02 7.676905e-02 0.304342 0.612747
1.737801e-02 7.784955e-02 0.308117 0.621876
1.778279e-02 7.894148e-02 0.311836 0.614749
1.819701e-02 8.004680e-02 0.315719 0.643111
1.862087e-02 8.116484e-02 0.319664 0.654867
1.905461e-02 8.229591e-02 0.323677 0.667611
1.949845e-02 8.344033e-02 0.327712 0.672810
1.995262e-02 8.459802e-02 0.331802 0.683562
2.041738e-02 8.576909e-02 0.335949 0.694480
2.089296e-02 8.695369e-02 0.340152 0.705571
2.137962e-02 8.815194e-02 0.344485 0.728890
2.187762e-02 8.936451e-02 0.349008 0.762339
2.238721e-02 9.058945e-02 0.353484 0.757086
2.290868e-02 9.182808e-02 0.358021 0.769220
2.344229e-02 9.308055e-02 0.362621 0.781907
2.398833e-02 9.434697e-02 0.367286 0.794800
2.454709e-02 9.562748e-02 0.372021 0.808738
2.511886e-02 9.692319e-02 0.376844 0.825182
2.570396e-02 9.823189e-02 0.381766 0.844965
2.630268e-02 9.955484e-02 0.386757 0.859106
2.691535e-02 1.008922e-01 0.391819 0.873512
2.754229e-02 1.022440e-01 0.396953 0.888156
2.818383e-02 1.036106e-01 0.402226 0.914411
2.884032e-02 1.049922e-01 0.407545 0.924563
2.951209e-02 1.063889e-01 0.412975 0.946292
3.019952e-02 1.078004e-01 0.418484 0.962345
3.090295e-02 1.092270e-01 0.424072 0.978686
3.162278e-02 1.106688e-01 0.429741 0.995300
3.235937e-02 1.121260e-01 0.435527 1.018563
3.311311e-02 1.135987e-01 0.441493 1.052760
3.388442e-02 1.150862e-01 0.447547 1.071431
3.467369e-02 1.165889e-01 0.453687 1.089811
3.548134e-02 1.181056e-01 0.459675 1.066825
3.630781e-02 1.196385e-01 0.466045 1.137418
3.715352e-02 1.211872e-01 0.472540 1.162822
3.801894e-02 1.227517e-01 0.479302 1.213728
3.890451e-02 1.243327e-01 0.486060 1.215910
3.981072e-02 1.259290e-01 0.492848 1.225248
4.073803e-02 1.275414e-01 0.499734 1.246320
4.168694e-02 1.291701e-01 0.506723 1.268173
4.265795e-02 1.308152e-01 0.513893 1.304501
4.365158e-02 1.324768e-01 0.521278 1.347305
4.466836e-02 1.341553e-01 0.528718 1.360627
4.570882e-02 1.358487e-01 0.536257 1.383914
4.677351e-02 1.375584e-01 0.543908 1.408426
4.786301e-02 1.392848e-01 0.551673 1.433723
4.897788e-02 1.410279e-01 0.559556 1.459460
5.011872e-02 1.427878e-01 0.567710 1.513874
5.128614e-02 1.445659e-01 0.576063 1.554014
5.248075e-02 1.463596e-01 0.584455 1.567103
5.370318e-02 1.481702e-01 0.592973 1.595239
5.495409e-02 1.499979e-01 0.601621 1.624300
5.623413e-02 1.518429e-01 0.610402 1.653875
5.754399e-02 1.537052e-01 0.619341 1.688455
5.888437e-02 1.555851e-01 0.628666 1.766355
6.025596e-02 1.574832e-01 0.638170 1.804599
6.165950e-02 1.593971e-01 0.647711 1.818782
6.309573e-02 1.613284e-01 0.657397 1.851856
6.456542e-02 1.632772e-01 0.667234 1.886335
6.606934e-02 1.652438e-01 0.677225 1.921436
6.760830e-02 1.672282e-01 0.687373 1.957402
6.918310e-02 1.692305e-01 0.697806 2.018455
7.079458e-02 1.712503e-01 0.708356 2.047447
7.244360e-02 1.732868e-01 0.719281 2.127857
7.413102e-02 1.753413e-01 0.730167 2.126822
7.585776e-02 1.774138e-01 0.741228 2.167236
7.762471e-02 1.795046e-01 0.752462 2.207953
7.943282e-02 1.816137e-01 0.764053 2.284850
8.128305e-02 1.837413e-01 0.775984 2.358747
8.317638e-02 1.858877e-01 0.788022 2.386677
8.511380e-02 1.880511e-01 0.800150 2.413499
8.709636e-02 1.902329e-01 0.812467 2.458477
8.912509e-02 1.924335e-01 0.824980 2.505236
9.120108e-02 1.946527e-01 0.837693 2.552852
9.332543e-02 1.968909e-01 0.850616 2.602688
9.549926e-02 1.991480e-01 0.864071 2.718040
9.772372e-02 2.014265e-01 0.877811 2.781025
1.000000e-01 2.037195e-01 0.891522 2.789105
1.023293e-01 2.060313e-01 0.905443 2.840551
1.047129e-01 2.083620e-01 0.919588 2.895387
1.071519e-01 2.107118e-01 0.933961 2.951238
1.096478e-01 2.130808e-01 0.948179 2.928150
1.122018e-01 2.154692e-01 0.962948 3.050917
1.148154e-01 2.178802e-01 0.978294 3.175559
1.174898e-01 2.203075e-01 0.993655 3.192575
1.202264e-01 2.227543e-01 1.009256 3.252426
1.230269e-01 2.252208e-01 1.025107 3.314409
1.258925e-01 2.277072e-01 1.041217 3.378498
1.288250e-01 2.302135e-01 1.057266 3.375815
1.318257e-01 2.327400e-01 1.073320 3.386774
1.348963e-01 2.352883e-01 1.089750 3.474022
1.380384e-01 2.378573e-01 1.106707 3.595662
1.412538e-01 2.404472e-01 1.123941 3.664256
1.445440e-01 2.430568e-01 1.141224 3.686595
1.479108e-01 2.456871e-01 1.159054 3.814242
1.513561e-01 2.483385e-01 1.177063 3.863129
1.548817e-01 2.510112e-01 1.194678 3.789026
1.584893e-01 2.537054e-01 1.212413 3.825040
1.621810e-01 2.564238e-01 1.230774 3.966770
1.659587e-01 2.591631e-01 1.249569 4.072812
1.698244e-01 2.619247e-01 1.268661 4.147465
1.737801e-01 2.647086e-01 1.288055 4.223761
1.778279e-01 2.675152e-01 1.307757 4.301399
1.819701e-01 2.703444e-01 1.327474 4.315409
1.862087e-01 2.731966e-01 1.347386 4.368769
1.905461e-01 2.760749e-01 1.367757 4.475408
1.949845e-01 2.789743e-01 1.388570 4.587208
1.995262e-01 2.818973e-01 1.409708 4.669541
2.041738e-01 2.848440e-01 1.431178 4.754131
2.089296e-01 2.878146e-01 1.452987 4.840189
2.137962e-01 2.908093e-01 1.475139 4.927740
2.187762e-01 2.938282e-01 1.497165 4.910790
2.238721e-01 2.968716e-01 1.519050 4.890215
2.290868e-01 2.999435e-01 1.541380 4.994708
2.344229e-01 3.030401e-01 1.564568 5.198417
2.398833e-01 3.061623e-01 1.588121 5.290882
2.454709e-01 3.093103e-01 1.612041 5.384007
2.511886e-01 3.124843e-01 1.636332 5.478626
2.570396e-01 3.156845e-01 1.661001 5.574844
2.630268e-01 3.189112e-01 1.684644 5.353341
2.691535e-01 3.221644e-01 1.708131 5.328635
2.754229e-01 3.254469e-01 1.732396 5.511462
2.818383e-01 3.287589e-01 1.758605 5.960162
2.884032e-01 3.320995e-01 1.784329 5.858711
2.951209e-01 3.354691e-01 1.810460 5.960141
3.019952e-01 3.388678e-01 1.836982 6.058291
3.090295e-01 3.422959e-01 1.863901 6.157989
3.162278e-01 3.457537e-01 1.890012 5.981674
3.235937e-01 3.492414e-01 1.916016 5.965837
3.311311e-01 3.527639e-01 1.942820 6.149995
3.388442e-01 3.563188e-01 1.970561 6.370306
3.467369e-01 3.599058e-01 1.998714 6.471817
3.548134e-01 3.635251e-01 2.027274 6.572254
3.630781e-01 3.671770e-01 2.056247 6.674173
3.715352e-01 3.708619e-01 2.085639 6.777595
3.801894e-01 3.745799e-01 2.113549 6.442217
3.890451e-01 3.783314e-01 2.141569 6.474142
3.981072e-01 3.821227e-01 2.170792 6.748291
4.073803e-01 3.859510e-01 2.200872 6.948095
4.168694e-01 3.898155e-01 2.231383 7.051390
4.265795e-01 3.937166e-01 2.262309 7.151038
4.365158e-01 3.976546e-01 2.293662 7.253694
4.466836e-01 4.016299e-01 2.325446 7.357520
4.570882e-01 4.056429e-01 2.355366 6.929390
4.677351e-01 4.096939e-01 2.384372 6.721256
4.786301e-01 4.137864e-01 2.414060 6.877416
4.897788e-01 4.179233e-01 2.446226 7.445248
5.011872e-01 4.221012e-01 2.478477 7.465383
5.128614e-01 4.263205e-01 2.511137 7.560794
5.248075e-01 4.305817e-01 2.544214 7.657957
5.370318e-01 4.348851e-01 2.577713 7.756248
5.495409e-01 4.392313e-01 2.608773 7.191975
5.623413e-01 4.436206e-01 2.639428 7.098633
5.754399e-01 4.480629e-01 2.671769 7.473602
5.888437e-01 4.525521e-01 2.705102 7.698868
6.025596e-01 4.570885e-01 2.738828 7.786076
6.165950e-01 4.616725e-01 2.772943 7.872017
6.309573e-01 4.663046e-01 2.807450 7.958707
6.456542e-01 4.709855e-01 2.842353 8.046150
6.606934e-01 4.757157e-01 2.874877 7.494083
6.760830e-01 4.804957e-01 2.908528 7.750205
6.918310e-01 4.853354e-01 2.943643 8.067623
7.079458e-01 4.902235e-01 2.978515 8.012553
7.244360e-01 4.951653e-01 3.013734 8.085252
7.413102e-01 5.001612e-01 3.049303 8.158327
7.585776e-01 5.052121e-01 3.085224 8.231706
7.762471e-01 5.103129e-01 3.119329 7.817068
7.943282e-01 5.154539e-01 3.154775 8.142357
8.128305e-01 5.206463e-01 3.189628 8.006694
8.317638e-01 5.259105e-01 3.230399 9.332004
8.511380e-01 5.312187e-01 3.268710 8.783710
8.709636e-01 5.365809e-01 3.307324 8.852830
8.912509e-01 5.419976e-01 3.346376 8.952330
9.120108e-01 5.474694e-01 3.385869 9.053038
9.332543e-01 5.529966e-01 3.425809 9.154975
9.549926e-01 5.585800e-01 3.456300 6.988581
9.772372e-01 5.642198e-01 3.494018 8.645096
1.000000e+00 5.699449e-01 3.539848 10.452558
1.023293e+00 5.757108e-01 3.580240 9.239820
1.047129e+00 5.815367e-01 3.620954 9.310787
1.071519e+00 5.874233e-01 3.662080 9.402582
1.096478e+00 5.933710e-01 3.703693 9.511078
1.122018e+00 5.993804e-01 3.745761 9.612858
1.148154e+00 6.054523e-01 3.784970 8.957175
1.174898e+00 6.115898e-01 3.825380 9.225386
1.202264e+00 6.178132e-01 3.867475 9.573609
1.230269e+00 6.241196e-01 3.907326 9.035218
1.258925e+00 6.305044e-01 3.947669 9.126766
1.288250e+00 6.369687e-01 3.988269 9.164787
1.318257e+00 6.435137e-01 4.029123 9.202003
1.348963e+00 6.501406e-01 4.070229 9.238386
1.380384e+00 6.568506e-01 4.127059 12.744230
1.412538e+00 6.636450e-01 4.163544 8.163496
1.445440e+00 6.704748e-01 4.182126 4.178961
1.479108e+00 6.774655e-01 4.222041 8.860539
1.513561e+00 6.845517e-01 4.262527 8.959094
1.548817e+00 6.917349e-01 4.303145 8.959595
1.584893e+00 6.990168e-01 4.343887 8.958295
1.621810e+00 7.063992e-01 4.384996 9.010172
1.659587e+00 7.138834e-01 4.432306 10.336185
1.698244e+00 7.214713e-01 4.462436 6.561693
1.737801e+00 7.292394e-01 4.516267 11.573855
1.778279e+00 7.371871e-01 4.555865 8.411562
1.819701e+00 7.452698e-01 4.596029 8.480906
1.862087e+00 7.534916e-01 4.636055 8.400279
1.905461e+00 7.618565e-01 4.675921 8.314520
1.949845e+00 7.703685e-01 4.715092 8.117596
1.995262e+00 7.790321e-01 4.763931 10.055832
2.041738e+00 7.878547e-01 4.816165 10.680120
2.089296e+00 7.967966e-01 4.859354 8.811606
2.137962e+00 8.058930e-01 4.902260 8.703344
2.187762e+00 8.151478e-01 4.945059 8.630542
2.238721e+00 8.245658e-01 4.987849 8.577064
2.290868e+00 8.341520e-01 5.026329 7.665419
2.344229e+00 8.439105e-01 5.092853 13.169871
2.398833e+00 8.538323e-01 5.157244 12.685063
2.454709e+00 8.638690e-01 5.200513 8.525281
2.511886e+00 8.740481e-01 5.257673 11.235456
2.570396e+00 8.843714e-01 5.315019 11.245720
2.630268e+00 8.948409e-01 5.372836 11.312121
2.691535e+00 9.054584e-01 5.401495 5.594391
2.754229e+00 9.162260e-01 5.473172 13.961092
2.818383e+00 9.272468e-01 5.580417 20.652781
2.884032e+00 9.382597e-01 5.646828 12.951559
2.951209e+00 9.494094e-01 5.713112 12.919520
3.019952e+00 9.606973e-01 5.780127 13.055636
3.090295e+00 9.721251e-01 5.847999 13.215940
3.162278e+00 9.836945e-01 5.904308 10.959285
3.235937e+00 9.954065e-01 5.995614 17.762841
3.311311e+00 1.007236e+00 6.084330 17.290807
3.388442e+00 1.019171e+00 6.155944 13.998833
3.467369e+00 1.031234e+00 6.234052 15.285030
3.548134e+00 1.043429e+00 6.313003 15.463064
3.630781e+00 1.055758e+00 6.392994 15.680208
3.715352e+00 1.068221e+00 6.474611 16.013001
3.801894e+00 1.080821e+00 6.553681 15.527013
3.890451e+00 1.093560e+00 6.633414 15.667587
3.981072e+00 1.106453e+00 6.717574 16.533640
4.073803e+00 1.119490e+00 6.802944 16.780991
4.168694e+00 1.132673e+00 6.889448 17.014456
4.265795e+00 1.146002e+00 6.977104 17.251683
4.365158e+00 1.159480e+00 7.064293 17.170644
4.466836e+00 1.173107e+00 7.130659 13.078495
4.570882e+00 1.186917e+00 7.202273 14.089255
4.677351e+00 1.200940e+00 7.289499 17.099894
4.786301e+00 1.215133e+00 7.378000 17.345478
4.897788e+00 1.229496e+00 7.467622 17.561168
5.011872e+00 1.244032e+00 7.558382 17.780377
5.128614e+00 1.258690e+00 7.625199 13.134816
5.248075e+00 1.273584e+00 7.701230 14.882187
5.370318e+00 1.288689e+00 7.783036 15.975455
5.495409e+00 1.303996e+00 7.865769 16.133902
5.623413e+00 1.319506e+00 7.949193 16.245808
5.754399e+00 1.335223e+00 8.033310 16.357120
5.888437e+00 1.351151e+00 8.118457 16.533227
6.025596e+00 1.367293e+00 8.202774 16.347886
6.165950e+00 1.383675e+00 8.286821 16.248233
6.309573e+00 1.400258e+00 8.372578 16.575425
6.456542e+00 1.417065e+00 8.458889 16.656656
6.606934e+00 1.434101e+00 8.545856 16.756581
6.760830e+00 1.451370e+00 8.633476 16.855333
6.918310e+00 1.468875e+00 8.716565 15.957475
7.079458e+00 1.486622e+00 8.816493 19.159938
7.244360e+00 1.504620e+00 8.917701 19.364423
7.413102e+00 1.522806e+00 9.009123 17.521996
7.585776e+00 1.541224e+00 9.101423 17.678277
7.762471e+00 1.559773e+00 9.188257 16.712662
7.943282e+00 1.578538e+00 9.288099 19.223643
8.128305e+00 1.597521e+00 9.376614 17.049474
8.317638e+00 1.616725e+00 9.483330 20.563887
8.511380e+00 1.636198e+00 9.612312 24.805875
8.709636e+00 1.655814e+00 9.720157 20.836241
8.912509e+00 1.675643e+00 9.828785 21.012137
9.120108e+00 1.695685e+00 9.938724 21.290472
9.332543e+00 1.715943e+00 10.049994 21.573865
9.549926e+00 1.736417e+00 10.154768 20.339885
9.772372e+00 1.757108e+00 10.288551 26.005046
1.000000e+01 1.777999e+00 10.423398 26.270763
1.023293e+01 1.799066e+00 10.545627 23.892738
1.047129e+01 1.820444e+00 10.687178 27.591828
1.071519e+01 1.842134e+00 10.808884 23.660884
1.096478e+01 1.864067e+00 10.941258 25.751488
1.122018e+01 1.886247e+00 11.078267 26.670322
1.148154e+01 1.908651e+00 11.213363 26.345847
1.174898e+01 1.931305e+00 11.350586 26.779079
1.202264e+01 1.954206e+00 11.489619 27.156526
1.230269e+01 1.977359e+00 11.630464 27.535048
1.258925e+01 2.000765e+00 11.773144 27.918996
1.288250e+01 2.024426e+00 11.928493 30.425369
1.318257e+01 2.048346e+00 12.081012 29.897673
1.348963e+01 2.072493e+00 12.228608 28.998432
1.380384e+01 2.096907e+00 12.381585 30.077956
1.412538e+01 2.121581e+00 12.536571 30.506347
1.445440e+01 2.146518e+00 12.693605 30.943198
1.479108e+01 2.171759e+00 12.858953 32.566968
1.513561e+01 2.197231e+00 13.021051 32.009528
1.548817e+01 2.222959e+00 13.190646 33.545090
1.584893e+01 2.249017e+00 13.372784 35.985978
1.621810e+01 2.275252e+00 13.547667 34.721586
1.659587e+01 2.301737e+00 13.724819 35.245737
1.698244e+01 2.328475e+00 13.904569 35.836968
1.737801e+01 2.355466e+00 14.086958 36.438490
1.778279e+01 2.382714e+00 14.253995 33.440588
1.819701e+01 2.410220e+00 14.440050 37.325365
1.862087e+01 2.438083e+00 14.642063 40.468250
1.905461e+01 2.466108e+00 14.833248 38.517170
1.949845e+01 2.494397e+00 15.026682 39.050937
1.995262e+01 2.522950e+00 15.222901 39.695481
2.041738e+01 2.551753e+00 15.421417 40.266776
2.089296e+01 2.580677e+00 15.609845 38.494494
2.137962e+01 2.609847e+00 15.799629 38.878680
2.187762e+01 2.639251e+00 15.982856 37.657476
2.238721e+01 2.668989e+00 16.182783 41.085128
2.290868e+01 2.699004e+00 16.386021 41.846618
2.344229e+01 2.729297e+00 16.592130 42.520969
2.398833e+01 2.759869e+00 16.801156 43.208117
2.454709e+01 2.790721e+00 17.034331 48.296133
2.511886e+01 2.821856e+00 17.220590 38.656129
2.570396e+01 2.853196e+00 17.386710 34.631554
2.630268e+01 2.885047e+00 17.595472 43.300345
2.691535e+01 2.917220e+00 17.807791 44.083327
2.754229e+01 2.949718e+00 18.022972 44.723155
2.818383e+01 2.982543e+00 18.241172 45.399771
2.884032e+01 3.015818e+00 18.453177 43.999496
2.951209e+01 3.049466e+00 18.672793 45.575607
3.019952e+01 3.083493e+00 18.879272 42.845526
3.090295e+01 3.117826e+00 19.070338 39.732168
3.162278e+01 3.152682e+00 19.285540 44.570240
3.235937e+01 3.187953e+00 19.503698 45.151444
3.311311e+01 3.223643e+00 19.724175 45.599991
3.388442e+01 3.259758e+00 19.946995 46.052470
3.467369e+01 3.296302e+00 20.176767 47.456255
3.548134e+01 3.333283e+00 20.384562 42.887320
3.630781e+01 3.370712e+00 20.593105 43.003454
3.715352e+01 3.408666e+00 20.818909 46.435041
3.801894e+01 3.447062e+00 21.047764 47.044049
3.890451e+01 3.485960e+00 21.276787 46.996105
3.981072e+01 3.525338e+00 21.508212 47.438747
4.073803e+01 3.565204e+00 21.733439 46.119244
4.168694e+01 3.605563e+00 21.958762 46.089932
4.265795e+01 3.646498e+00 22.193573 47.892964
4.365158e+01 3.687913e+00 22.429266 48.053877
4.466836e+01 3.729854e+00 22.667017 48.410670
4.570882e+01 3.772327e+00 22.906910 48.783543
4.677351e+01 3.815340e+00 23.148958 49.157929
4.786301e+01 3.858900e+00 23.387846 48.452979
4.897788e+01 3.903015e+00 23.628483 48.744085
5.011872e+01 3.947713e+00 23.873537 49.552714
5.128614e+01 3.992970e+00 24.119119 49.607928
5.248075e+01 4.038864e+00 24.377565 52.072252
5.370318e+01 4.085370e+00 24.626828 50.131788
5.495409e+01 4.132497e+00 24.878346 50.494462
5.623413e+01 4.180254e+00 25.143837 53.203395
5.754399e+01 4.228651e+00 25.400408 51.322862
5.888437e+01 4.277650e+00 25.643627 48.610137
6.025596e+01 4.327366e+00 25.902935 51.671691
6.165950e+01 4.377757e+00 26.164550 52.031327
6.309573e+01 4.428834e+00 26.428171 52.329567
6.456542e+01 4.480606e+00 26.693803 52.627360
6.606934e+01 4.533086e+00 26.970117 54.638095
6.760830e+01 4.586284e+00 27.246884 54.621868
6.918310e+01 4.640198e+00 27.523308 54.461003
7.079458e+01 4.694840e+00 27.803224 55.055118
7.244360e+01 4.750253e+00 28.083627 55.025191
7.413102e+01 4.806416e+00 28.367881 55.685976
7.585776e+01 4.863340e+00 28.654406 56.035446
7.762471e+01 4.921037e+00 28.942627 56.271073
7.943282e+01 4.979519e+00 29.255456 60.971317
8.128305e+01 5.038828e+00 29.577460 62.620762
8.317638e+01 5.098796e+00 29.884110 59.680834
8.511380e+01 5.159551e+00 30.192972 60.039901
8.709636e+01 5.221104e+00 30.504560 60.497951
8.912509e+01 5.283466e+00 30.818893 60.958076
9.120108e+01 5.346648e+00 31.132855 60.813608
9.332543e+01 5.410662e+00 31.475846 66.357075
9.549926e+01 5.475494e+00 31.819380 66.410734
9.772372e+01 5.541092e+00 32.156092 65.102467
1.000000e+02 5.607500e+00 32.485962 63.756026
1.023293e+02 5.674751e+00 32.827249 65.916999
1.047129e+02 5.742856e+00 33.171635 66.469244
1.071519e+02 5.811827e+00 33.518878 66.973904
1.096478e+02 5.881675e+00 33.868662 67.417074
1.122018e+02 5.952447e+00 34.222537 68.125021
1.148154e+02 6.024106e+00 34.580127 68.806360
1.174898e+02 6.096683e+00 34.941054 69.395213
1.202264e+02 6.170192e+00 35.305381 69.995035
1.230269e+02 6.244644e+00 35.681235 72.154240
1.258925e+02 6.320053e+00 36.041386 69.086723
1.288250e+02 6.396431e+00 36.398200 68.394417
1.318257e+02 6.473840e+00 36.769521 71.076891
1.348963e+02 6.552259e+00 37.144261 71.664305
1.380384e+02 6.631720e+00 37.522911 72.328551
1.412538e+02 6.712213e+00 37.904366 72.803320
1.445440e+02 6.793762e+00 38.292523 74.010749
1.479108e+02 6.876382e+00 38.669760 71.858873
1.513561e+02 6.960088e+00 39.039940 70.446913
1.548817e+02 7.044955e+00 39.427913 73.710719
1.584893e+02 7.130954e+00 39.819372 74.288460
1.621810e+02 7.218104e+00 40.214073 74.818129
1.659587e+02 7.306420e+00 40.612032 75.349512
1.698244e+02 7.395920e+00 41.015009 76.212192
1.737801e+02 7.486621e+00 41.417636 76.058600
1.778279e+02 7.578571e+00 41.821182 76.119073
1.819701e+02 7.671759e+00 42.229766 76.980873
1.862087e+02 7.766201e+00 42.646358 78.400163
1.905461e+02 7.861909e+00 43.056777 77.155562
1.949845e+02 7.958914e+00 43.477639 79.023246
1.995262e+02 8.057235e+00 43.897015 78.649063
2.041738e+02 8.156895e+00 44.316921 78.651002
2.089296e+02 8.257930e+00 44.744622 79.999290
2.137962e+02 8.360348e+00 45.175749 80.536737
2.187762e+02 8.464171e+00 45.610230 81.059045
2.238721e+02 8.569419e+00 46.048079 81.582343
2.290868e+02 8.676114e+00 46.500958 84.274256
2.344229e+02 8.784278e+00 46.941964 81.958794
2.398833e+02 8.893908e+00 47.377553 80.865681
2.454709e+02 9.005104e+00 47.826262 83.154736
2.511886e+02 9.117844e+00 48.278358 83.668463
2.570396e+02 9.232166e+00 48.740548 85.409622
2.630268e+02 9.348055e+00 49.200652 84.926286
2.691535e+02 9.465559e+00 49.676367 87.689383
2.754229e+02 9.584675e+00 50.151209 87.430247
2.818383e+02 9.705420e+00 50.628011 87.696567
2.884032e+02 9.827835e+00 51.108442 88.257341
2.951209e+02 9.951946e+00 51.592569 88.828399
3.019952e+02 1.007778e+01 52.080405 89.400669
3.090295e+02 1.020535e+01 52.598681 94.863666
3.162278e+02 1.033471e+01 53.120176 95.336961
3.235937e+02 1.046574e+01 53.622359 91.773066
3.311311e+02 1.059859e+01 54.135372 93.649485
3.388442e+02 1.073326e+01 54.652471 94.299128
3.467369e+02 1.086979e+01 55.173705 94.956216
3.548134e+02 1.100820e+01 55.714646 98.436264
3.630781e+02 1.114849e+01 56.273068 101.538567
3.715352e+02 1.129063e+01 56.830127 101.240757
3.801894e+02 1.143467e+01 57.385074 100.803525
3.890451e+02 1.158065e+01 57.944749 101.584586
3.981072e+02 1.172861e+01 58.509288 102.389026
4.073803e+02 1.187858e+01 59.078726 103.198387
4.168694e+02 1.203058e+01 59.681607 109.175548
4.265795e+02 1.218461e+01 60.285444 109.290940
4.365158e+02 1.234062e+01 60.882341 108.030953
4.466836e+02 1.249871e+01 61.484382 108.904425
4.570882e+02 1.265890e+01 62.092046 109.863378
4.677351e+02 1.282124e+01 62.705194 110.796176
4.786301e+02 1.298575e+01 63.337656 114.225599
4.897788e+02 1.315249e+01 63.983116 116.490313
5.011872e+02 1.332139e+01 64.621048 115.120565
5.128614e+02 1.349252e+01 65.265871 116.316472
5.248075e+02 1.366593e+01 65.916857 117.380436
5.370318e+02 1.384163e+01 66.573949 118.433556
5.495409e+02 1.401967e+01 67.252414 122.236024
5.623413e+02 1.420007e+01 67.944657 124.667732
5.754399e+02 1.438279e+01 68.629080 123.255902
5.888437e+02 1.456789e+01 69.321278 124.645172
6.025596e+02 1.475541e+01 70.020103 125.806847
6.165950e+02 1.494540e+01 70.725699 126.994177
6.309573e+02 1.513788e+01 71.441621 128.820325
6.456542e+02 1.533289e+01 72.179783 132.788796
6.606934e+02 1.553044e+01 72.926552 134.315017
6.760830e+02 1.573050e+01 73.670203 133.777233
6.918310e+02 1.593317e+01 74.421907 135.209350
7.079458e+02 1.613847e+01 75.181082 136.536355
7.244360e+02 1.634645e+01 75.947833 137.881911
7.413102e+02 1.655713e+01 76.729835 140.606872
7.585776e+02 1.677055e+01 77.525573 143.059015
7.762471e+02 1.698670e+01 78.322010 143.197850
7.943282e+02 1.720568e+01 79.125429 144.430705
8.128305e+02 1.742749e+01 79.936987 145.881374
8.317638e+02 1.765219e+01 80.756759 147.345033
8.511380e+02 1.787980e+01 81.595722 150.781310
8.709636e+02 1.811036e+01 82.436803 151.149066
8.912509e+02 1.834393e+01 83.281362 151.755532
9.120108e+02 1.858060e+01 84.131701 152.740159
9.332543e+02 1.882037e+01 84.996131 155.233198
9.549926e+02 1.906328e+01 85.869306 156.778769
9.772372e+02 1.930937e+01 86.757125 159.382379
1.000000e+03 1.955867e+01 87.659030 161.885294
1.023293e+03 1.981122e+01 88.563458 162.323610
1.047129e+03 2.006706e+01 89.478038 164.122887
1.071519e+03 2.032624e+01 90.402015 165.786000
1.096478e+03 2.058880e+01 91.335465 167.462632
1.122018e+03 2.085479e+01 92.278485 169.156399
1.148154e+03 2.112426e+01 93.247537 173.802174
1.174898e+03 2.139722e+01 94.208190 172.289849
1.202264e+03 2.167371e+01 95.181995 174.642427
1.230269e+03 2.195381e+01 96.165701 176.399326
1.258925e+03 2.223756e+01 97.157936 177.905024
1.288250e+03 2.252494e+01 98.164751 180.549879
1.318257e+03 2.281603e+01 99.189732 183.804453
1.348963e+03 2.311089e+01 100.233714 187.208972
1.380384e+03 2.340955e+01 101.282003 187.983634
1.412538e+03 2.371201e+01 102.339195 189.619262
1.445440e+03 2.401837e+01 103.407408 191.604401
1.479108e+03 2.432867e+01 104.486859 193.628727
1.513561e+03 2.464297e+01 105.594623 198.716168
1.548817e+03 2.496131e+01 106.702594 198.762589
1.584893e+03 2.528369e+01 107.808975 198.519830
1.621810e+03 2.561021e+01 108.936231 202.285743
1.659587e+03 2.594091e+01 110.075356 204.434865
1.698244e+03 2.627584e+01 111.226497 206.610891
1.737801e+03 2.661510e+01 112.393594 209.481511
