Pressure (Mbar) | Density (g cm^-3) | dP/dRho (Mbar g^-1 cm^3) | d^2P/dRho^2 (Mbar g^-2 cm^6)

1.000000e-05 1.228921e-04 0.081496 0.061652
1.023293e-05 1.250410e-04 0.081960 0.061652
1.047129e-05 1.272287e-04 0.082431 0.062495
1.071519e-05 1.294562e-04 0.082913 0.063901
1.096478e-05 1.317221e-04 0.083374 0.061251
1.122018e-05 1.340314e-04 0.083845 0.062454
1.148154e-05 1.363829e-04 0.084319 0.062633
1.174898e-05 1.387772e-04 0.084785 0.061665
1.202264e-05 1.412152e-04 0.085262 0.063109
1.230269e-05 1.437008e-04 0.085745 0.063684
1.258925e-05 1.462319e-04 0.086222 0.062968
1.288250e-05 1.488097e-04 0.086701 0.063109
1.318257e-05 1.514350e-04 0.087179 0.062981
1.348963e-05 1.541104e-04 0.087641 0.060740
1.380384e-05 1.568348e-04 0.088121 0.063069
1.412538e-05 1.596091e-04 0.088605 0.063457
1.445440e-05 1.624343e-04 0.089080 0.062363
1.479108e-05 1.653112e-04 0.089572 0.064621
1.513561e-05 1.682396e-04 0.090082 0.066868
1.548817e-05 1.712256e-04 0.090576 0.064634
1.584893e-05 1.742672e-04 0.091071 0.064735
1.621810e-05 1.773655e-04 0.091551 0.062730
1.659587e-05 1.805173e-04 0.092049 0.065121
1.698244e-05 1.837333e-04 0.092542 0.064212
1.737801e-05 1.870101e-04 0.093035 0.064257
1.778279e-05 1.903489e-04 0.093529 0.064305
1.819701e-05 1.937509e-04 0.094025 0.064383
1.862087e-05 1.972159e-04 0.094542 0.067200
1.905461e-05 2.007436e-04 0.095047 0.065586
1.949845e-05 2.043362e-04 0.095554 0.065791
1.995262e-05 2.079948e-04 0.096054 0.064943
2.041738e-05 2.117200e-04 0.096575 0.067502
2.089296e-05 2.155220e-04 0.097078 0.065067
2.137962e-05 2.193958e-04 0.097582 0.065137
2.187762e-05 2.233426e-04 0.098087 0.065215
2.238721e-05 2.273640e-04 0.098586 0.064484
2.290868e-05 2.314609e-04 0.099086 0.064403
2.344229e-05 2.356400e-04 0.099551 0.059781
2.398833e-05 2.398976e-04 0.100056 0.064940
2.454709e-05 2.442352e-04 0.100558 0.064506
2.511886e-05 2.486501e-04 0.101092 0.068638
2.570396e-05 2.531543e-04 0.101606 0.065927
2.630268e-05 2.577442e-04 0.102120 0.065971
2.691535e-05 2.624216e-04 0.102636 0.066039
2.754229e-05 2.671881e-04 0.103126 0.062621
2.818383e-05 2.720413e-04 0.103659 0.068221
2.884032e-05 2.769932e-04 0.104170 0.065270
2.951209e-05 2.820407e-04 0.104682 0.065252
3.019952e-05 2.871855e-04 0.105145 0.059000
3.090295e-05 2.924282e-04 0.105722 0.073371
3.162278e-05 2.977690e-04 0.106250 0.067182
3.235937e-05 3.032110e-04 0.106779 0.067299
3.311311e-05 3.087560e-04 0.107310 0.067435
3.388442e-05 3.144061e-04 0.107841 0.067384
3.467369e-05 3.201661e-04 0.108356 0.065419
3.548134e-05 3.260375e-04 0.108869 0.064939
3.630781e-05 3.320214e-04 0.109382 0.064989
3.715352e-05 3.381198e-04 0.109843 0.058293
3.801894e-05 3.443313e-04 0.110426 0.073745
3.890451e-05 3.506604e-04 0.110964 0.068000
3.981072e-05 3.571082e-04 0.111504 0.068220
4.073803e-05 3.636769e-04 0.112038 0.067449
4.168694e-05 3.703687e-04 0.112573 0.067574
4.265795e-05 3.771925e-04 0.113106 0.067241
4.365158e-05 3.841524e-04 0.113635 0.066566
4.466836e-05 3.912502e-04 0.114160 0.066078
4.570882e-05 3.984952e-04 0.114593 0.054340
4.677351e-05 4.058778e-04 0.115125 0.066722
4.786301e-05 4.134009e-04 0.115655 0.066476
4.897788e-05 4.210686e-04 0.116186 0.066557
5.011872e-05 4.288834e-04 0.116701 0.064390
5.128614e-05 4.368473e-04 0.117257 0.069579
5.248075e-05 4.449649e-04 0.117791 0.066853
5.370318e-05 4.532384e-04 0.118327 0.066938
5.495409e-05 4.616707e-04 0.118863 0.067050
5.623413e-05 4.702648e-04 0.119355 0.061430
5.754399e-05 4.790269e-04 0.119943 0.073288
5.888437e-05 4.879615e-04 0.120482 0.067103
6.025596e-05 4.970699e-04 0.121021 0.067112
6.165950e-05 5.063556e-04 0.121518 0.061850
6.309573e-05 5.158167e-04 0.122103 0.072812
6.456542e-05 5.254530e-04 0.122648 0.067721
6.606934e-05 5.352720e-04 0.123194 0.067914
6.760830e-05 5.452770e-04 0.123695 0.062313
6.918310e-05 5.554715e-04 0.124245 0.068405
7.079458e-05 5.658637e-04 0.124842 0.074107
7.244360e-05 5.764575e-04 0.125393 0.068473
7.413102e-05 5.872546e-04 0.125946 0.068603
7.585776e-05 5.982589e-04 0.126454 0.062981
7.762471e-05 6.094768e-04 0.127054 0.074346
7.943282e-05 6.209166e-04 0.127609 0.068744
8.128305e-05 6.325790e-04 0.128165 0.068806
8.317638e-05 6.444682e-04 0.128678 0.063415
8.511380e-05 6.565835e-04 0.129277 0.074116
8.709636e-05 6.689231e-04 0.129847 0.070506
8.912509e-05 6.814961e-04 0.130420 0.070770
9.120108e-05 6.943070e-04 0.130981 0.069438
9.332543e-05 7.073601e-04 0.131544 0.069494
9.549926e-05 7.206743e-04 0.132111 0.070045
9.772372e-05 7.342516e-04 0.132670 0.068954
1.000000e-04 7.480937e-04 0.133229 0.068989
1.023293e-04 7.622058e-04 0.133797 0.069914
1.047129e-04 7.765803e-04 0.134406 0.075119
1.071519e-04 7.912211e-04 0.134991 0.072087
1.096478e-04 8.061388e-04 0.135578 0.072358
1.122018e-04 8.213435e-04 0.136067 0.060253
1.148154e-04 8.368418e-04 0.136532 0.057317
1.174898e-04 8.526417e-04 0.137107 0.070760
1.202264e-04 8.687445e-04 0.137682 0.070752
1.230269e-04 8.851557e-04 0.138254 0.070376
1.258925e-04 9.018831e-04 0.138863 0.074964
1.288250e-04 9.189276e-04 0.139454 0.072620
1.318257e-04 9.362978e-04 0.140046 0.072844
1.348963e-04 9.540000e-04 0.140641 0.073087
1.380384e-04 9.720404e-04 0.141208 0.069735
1.412538e-04 9.904282e-04 0.141804 0.073196
1.445440e-04 1.009155e-03 0.142396 0.072819
1.479108e-04 1.028236e-03 0.142991 0.073113
1.513561e-04 1.047678e-03 0.143575 0.071748
1.548817e-04 1.067488e-03 0.144189 0.075531
1.584893e-04 1.087694e-03 0.144789 0.073646
1.621810e-04 1.108290e-03 0.145390 0.073796
1.659587e-04 1.129285e-03 0.145963 0.070271
1.698244e-04 1.150709e-03 0.146610 0.079253
1.737801e-04 1.172498e-03 0.147229 0.076030
1.778279e-04 1.194698e-03 0.147851 0.076376
1.819701e-04 1.217315e-03 0.148458 0.074512
1.862087e-04 1.240360e-03 0.149086 0.077111
1.905461e-04 1.263851e-03 0.149734 0.079499
1.949845e-04 1.287790e-03 0.150366 0.077556
1.995262e-04 1.312185e-03 0.151000 0.077840
2.041738e-04 1.337044e-03 0.151608 0.074520
2.089296e-04 1.362386e-03 0.152220 0.075029
2.137962e-04 1.388193e-03 0.152852 0.077609
2.187762e-04 1.414488e-03 0.153487 0.077965
2.238721e-04 1.441280e-03 0.154145 0.080639
2.290868e-04 1.468575e-03 0.154824 0.083424
2.344229e-04 1.496381e-03 0.155479 0.080424
2.398833e-04 1.524715e-03 0.156137 0.080726
2.454709e-04 1.553588e-03 0.156752 0.075475
2.511886e-04 1.583009e-03 0.157367 0.075463
2.570396e-04 1.613017e-03 0.158071 0.086335
2.630268e-04 1.643577e-03 0.158750 0.083307
2.691535e-04 1.674717e-03 0.159432 0.083660
2.754229e-04 1.706447e-03 0.160174 0.090991
2.818383e-04 1.738769e-03 0.160805 0.077432
2.884032e-04 1.771691e-03 0.161475 0.082291
2.951209e-04 1.805233e-03 0.162148 0.082659
3.019952e-04 1.839407e-03 0.162806 0.080777
3.090295e-04 1.874225e-03 0.163498 0.084952
3.162278e-04 1.909694e-03 0.164192 0.085282
3.235937e-04 1.945836e-03 0.164890 0.085650
3.311311e-04 1.982663e-03 0.165581 0.084843
3.388442e-04 2.020199e-03 0.166290 0.087114
3.467369e-04 2.058434e-03 0.166997 0.086759
3.548134e-04 2.097392e-03 0.167706 0.087117
3.630781e-04 2.137089e-03 0.168418 0.087485
3.715352e-04 2.177539e-03 0.169154 0.090374
3.801894e-04 2.218704e-03 0.169833 0.083384
3.890451e-04 2.260604e-03 0.170465 0.077787
3.981072e-04 2.303274e-03 0.171151 0.084559
4.073803e-04 2.346726e-03 0.171886 0.090524
4.168694e-04 2.391001e-03 0.172596 0.087468
4.265795e-04 2.436118e-03 0.173333 0.090807
4.365158e-04 2.482082e-03 0.174074 0.091290
4.466836e-04 2.528907e-03 0.174846 0.095045
4.570882e-04 2.576640e-03 0.175577 0.089978
4.677351e-04 2.625191e-03 0.176345 0.094809
4.786301e-04 2.674631e-03 0.177119 0.095504
4.897788e-04 2.724975e-03 0.177972 0.105315
5.011872e-04 2.776239e-03 0.178754 0.096572
5.128614e-04 2.828484e-03 0.179449 0.085893
5.248075e-04 2.881706e-03 0.180240 0.097747
5.370318e-04 2.935920e-03 0.181036 0.098326
5.495409e-04 2.991147e-03 0.181940 0.111618
5.623413e-04 3.047413e-03 0.182591 0.080425
5.754399e-04 3.104674e-03 0.183389 0.098714
5.888437e-04 3.162984e-03 0.184192 0.099451
6.025596e-04 3.222361e-03 0.185106 0.113093
6.165950e-04 3.282845e-03 0.185829 0.089602
6.309573e-04 3.344441e-03 0.186674 0.104629
6.456542e-04 3.407180e-03 0.187524 0.105289
6.606934e-04 3.471083e-03 0.188582 0.131050
6.760830e-04 3.536171e-03 0.189396 0.100880
6.918310e-04 3.602462e-03 0.190031 0.078789
7.079458e-04 3.669940e-03 0.190889 0.106486
7.244360e-04 3.738647e-03 0.191754 0.107322
7.413102e-04 3.808605e-03 0.192860 0.137404
7.585776e-04 3.879832e-03 0.193529 0.083098
7.762471e-04 3.952394e-03 0.194409 0.109355
7.943282e-04 4.026288e-03 0.195295 0.110101
8.128305e-04 4.101540e-03 0.196325 0.128188
8.317638e-04 4.178153e-03 0.197055 0.090730
8.511380e-04 4.256206e-03 0.197956 0.112150
8.709636e-04 4.335706e-03 0.198863 0.112811
8.912509e-04 4.416680e-03 0.199896 0.128564
9.120108e-04 4.499154e-03 0.200868 0.120930
9.332543e-04 4.583126e-03 0.201704 0.104155
9.549926e-04 4.668537e-03 0.202649 0.117885
9.772372e-04 4.755487e-03 0.203601 0.118777
1.000000e-03 4.844003e-03 0.204647 0.130549
1.023293e-03 4.934159e-03 0.205530 0.110212
1.047129e-03 5.025946e-03 0.206499 0.121127
1.071519e-03 5.119403e-03 0.207475 0.121940
1.096478e-03 5.214559e-03 0.208496 0.127681
1.122018e-03 5.311488e-03 0.209541 0.130678
1.148154e-03 5.410023e-03 0.210539 0.124990
1.174898e-03 5.510342e-03 0.211543 0.125814
1.202264e-03 5.612476e-03 0.212553 0.126666
1.230269e-03 5.716457e-03 0.213609 0.132394
1.258925e-03 5.822290e-03 0.214691 0.135828
1.288250e-03 5.929903e-03 0.215740 0.131883
1.318257e-03 6.039463e-03 0.216796 0.132797
1.348963e-03 6.151005e-03 0.217848 0.132370
1.380384e-03 6.264551e-03 0.218970 0.141238
1.412538e-03 6.379917e-03 0.220037 0.134669
1.445440e-03 6.497202e-03 0.221067 0.130157
1.479108e-03 6.616543e-03 0.222161 0.138397
1.513561e-03 6.737972e-03 0.223319 0.146586
1.548817e-03 6.861558e-03 0.224343 0.129822
1.584893e-03 6.987365e-03 0.225489 0.145212
1.621810e-03 7.115400e-03 0.226645 0.146529
1.659587e-03 7.245701e-03 0.228034 0.176325
1.698244e-03 7.378189e-03 0.228953 0.116751
1.737801e-03 7.512984e-03 0.230154 0.152795
1.778279e-03 7.650107e-03 0.231368 0.154477
1.819701e-03 7.789594e-03 0.233011 0.209399
1.862087e-03 7.931484e-03 0.234252 0.158244
1.905461e-03 8.075604e-03 0.234999 0.095512
1.949845e-03 8.222587e-03 0.236249 0.159680
1.995262e-03 8.372153e-03 0.237513 0.161344
2.041738e-03 8.524347e-03 0.239375 0.237997
2.089296e-03 8.678851e-03 0.240054 0.087084
2.137962e-03 8.836374e-03 0.241363 0.167544
2.187762e-03 8.996630e-03 0.242685 0.169407
2.238721e-03 9.159664e-03 0.244759 0.265904
2.290868e-03 9.325521e-03 0.246094 0.171231
2.344229e-03 9.493712e-03 0.246680 0.075503
2.398833e-03 9.665359e-03 0.248027 0.173173
2.454709e-03 9.839982e-03 0.249389 0.175068
2.511886e-03 1.001763e-02 0.251448 0.264949
2.570396e-03 1.019790e-02 0.252212 0.098684
2.630268e-03 1.038181e-02 0.253621 0.181550
2.691535e-03 1.056889e-02 0.255044 0.183399
2.754229e-03 1.075920e-02 0.257029 0.256161
2.818383e-03 1.095281e-02 0.258488 0.188392
2.884032e-03 1.114934e-02 0.259427 0.121554
2.951209e-03 1.134992e-02 0.260873 0.186762
3.019952e-03 1.155401e-02 0.262331 0.188341
3.090295e-03 1.176168e-02 0.264400 0.267475
3.162278e-03 1.197205e-02 0.265453 0.136755
3.235937e-03 1.218608e-02 0.266220 0.099618
3.311311e-03 1.240450e-02 0.266971 0.097342
3.388442e-03 1.262739e-02 0.265528 -0.186530
3.467369e-03 1.285486e-02 0.267950 0.312337
3.548134e-03 1.308857e-02 0.272186 0.541367
3.630781e-03 1.332172e-02 0.274550 0.308271
3.715352e-03 1.355785e-02 0.276952 0.314802
3.801894e-03 1.379698e-02 0.278721 0.232978
3.890451e-03 1.403977e-02 0.279412 0.091166
3.981072e-03 1.428797e-02 0.281134 0.226228
4.073803e-03 1.454021e-02 0.282874 0.229056
4.168694e-03 1.479655e-02 0.284660 0.235300
4.265795e-03 1.505694e-02 0.286362 0.224551
4.365158e-03 1.532165e-02 0.288184 0.240758
4.466836e-03 1.559074e-02 0.290035 0.244827
4.570882e-03 1.586426e-02 0.291845 0.239643
4.677351e-03 1.614227e-02 0.293759 0.253712
4.786301e-03 1.642496e-02 0.295595 0.243479
4.897788e-03 1.671184e-02 0.297497 0.252940
5.011872e-03 1.700328e-02 0.299418 0.255854
5.128614e-03 1.729934e-02 0.301358 0.258758
5.248075e-03 1.760010e-02 0.303463 0.281247
5.370318e-03 1.790574e-02 0.305306 0.246498
5.495409e-03 1.821627e-02 0.307321 0.269820
5.623413e-03 1.853176e-02 0.309356 0.272915
5.754399e-03 1.885226e-02 0.311634 0.305781
5.888437e-03 1.917786e-02 0.313777 0.288283
6.025596e-03 1.950852e-02 0.315685 0.256915
6.165950e-03 1.984455e-02 0.317838 0.290345
6.309573e-03 2.018592e-02 0.320014 0.293673
6.456542e-03 2.053270e-02 0.322441 0.328145
6.606934e-03 2.088497e-02 0.324661 0.300457
6.760830e-03 2.124308e-02 0.326662 0.271017
6.918310e-03 2.160624e-02 0.328926 0.307599
7.079458e-03 2.197500e-02 0.331214 0.311335
7.244360e-03 2.234943e-02 0.333753 0.345969
7.413102e-03 2.272980e-02 0.335954 0.300245
7.585776e-03 2.311597e-02 0.338372 0.330469
7.762471e-03 2.350809e-02 0.340815 0.334457
7.943282e-03 2.390623e-02 0.343283 0.338381
8.128305e-03 2.431048e-02 0.345958 0.367388
8.317638e-03 2.472093e-02 0.348319 0.324600
8.511380e-03 2.513733e-02 0.350888 0.354150
8.709636e-03 2.556005e-02 0.353484 0.358425
8.912509e-03 2.598915e-02 0.356106 0.362750
9.120108e-03 2.642473e-02 0.358902 0.387224
9.332543e-03 2.686732e-02 0.361513 0.361981
9.549926e-03 2.731649e-02 0.364259 0.381382
9.772372e-03 2.777234e-02 0.367035 0.386275
1.000000e-02 2.823494e-02 0.369884 0.396982
1.023293e-02 2.870426e-02 0.372664 0.388422
1.047129e-02 2.918038e-02 0.375617 0.413309
1.071519e-02 2.966335e-02 0.378580 0.415521
1.096478e-02 3.015339e-02 0.381517 0.412747
1.122018e-02 3.065059e-02 0.384550 0.427060
1.148154e-02 3.115503e-02 0.387700 0.444280
1.174898e-02 3.166669e-02 0.390753 0.431551
1.202264e-02 3.218613e-02 0.393884 0.443091
1.230269e-02 3.271316e-02 0.397049 0.448747
1.258925e-02 3.324790e-02 0.400393 0.474953
1.288250e-02 3.379042e-02 0.403675 0.466896
1.318257e-02 3.434106e-02 0.406825 0.448694
1.348963e-02 3.489888e-02 0.410178 0.479098
1.380384e-02 3.546457e-02 0.413569 0.485574
1.412538e-02 3.603822e-02 0.417248 0.527962
1.445440e-02 3.661992e-02 0.420789 0.509233
1.479108e-02 3.721021e-02 0.424104 0.477321
1.513561e-02 3.780848e-02 0.427697 0.518631
1.548817e-02 3.841509e-02 0.431331 0.525792
1.584893e-02 3.903012e-02 0.435226 0.564600
1.621810e-02 3.965367e-02 0.439048 0.555235
1.659587e-02 4.028544e-02 0.442731 0.536477
1.698244e-02 4.092616e-02 0.446630 0.569050
1.737801e-02 4.157569e-02 0.450576 0.576935
1.778279e-02 4.223412e-02 0.454727 0.608391
1.819701e-02 4.290156e-02 0.458662 0.577865
1.862087e-02 4.357847e-02 0.462606 0.580037
1.905461e-02 4.426435e-02 0.466781 0.615562
1.949845e-02 4.495951e-02 0.471005 0.624176
1.995262e-02 4.566406e-02 0.475278 0.632837
2.041738e-02 4.637809e-02 0.479808 0.672188
2.089296e-02 4.710160e-02 0.484309 0.669600
2.137962e-02 4.783451e-02 0.488952 0.692330
2.187762e-02 4.857710e-02 0.493522 0.683146
2.238721e-02 4.932947e-02 0.498151 0.693431
2.290868e-02 5.009172e-02 0.502885 0.710887
2.344229e-02 5.086454e-02 0.507830 0.743680
2.398833e-02 5.164645e-02 0.512711 0.736753
2.454709e-02 5.243837e-02 0.517650 0.747327
2.511886e-02 5.324040e-02 0.522650 0.758418
2.570396e-02 5.405264e-02 0.527716 0.770470
2.630268e-02 5.487520e-02 0.533008 0.806835
2.691535e-02 5.570836e-02 0.538378 0.820494
2.754229e-02 5.655192e-02 0.543752 0.823372
2.818383e-02 5.740605e-02 0.549192 0.835672
2.884032e-02 5.827086e-02 0.554877 0.875353
2.951209e-02 5.914644e-02 0.560252 0.829837
3.019952e-02 6.003277e-02 0.565607 0.829068
3.090295e-02 6.093068e-02 0.571308 0.884146
3.162278e-02 6.183984e-02 0.577081 0.897556
3.235937e-02 6.276034e-02 0.582926 0.910791
3.311311e-02 6.369229e-02 0.589011 0.950664
3.388442e-02 6.463589e-02 0.594915 0.924350
3.467369e-02 6.559000e-02 0.601069 0.966951
3.548134e-02 6.655547e-02 0.607300 0.981955
3.630781e-02 6.753240e-02 0.613612 0.997382
3.715352e-02 6.852089e-02 0.619994 1.011311
3.801894e-02 6.952128e-02 0.626309 1.003095
3.890451e-02 7.053476e-02 0.633235 1.101993
3.981072e-02 7.156115e-02 0.639850 1.054336
4.073803e-02 7.260016e-02 0.646557 1.071381
4.168694e-02 7.365189e-02 0.653347 1.087065
4.265795e-02 7.471648e-02 0.660144 1.090423
4.365158e-02 7.579404e-02 0.667397 1.166341
4.466836e-02 7.688456e-02 0.674883 1.206661
4.570882e-02 7.798747e-02 0.682175 1.178861
4.677351e-02 7.910345e-02 0.689556 1.196179
4.786301e-02 8.023262e-02 0.697031 1.214394
4.897788e-02 8.137510e-02 0.704391 1.198502
5.011872e-02 8.252994e-02 0.712495 1.324196
5.128614e-02 8.369862e-02 0.720376 1.290556
5.248075e-02 8.488079e-02 0.728358 1.310374
5.370318e-02 8.607655e-02 0.736443 1.330782
5.495409e-02 8.728602e-02 0.744426 1.317471
5.623413e-02 8.850933e-02 0.752785 1.382800
5.754399e-02 8.974701e-02 0.761434 1.434145
5.888437e-02 9.099843e-02 0.770034 1.430048
6.025596e-02 9.226387e-02 0.778747 1.452761
6.165950e-02 9.354344e-02 0.787576 1.476008
6.309573e-02 9.483724e-02 0.796472 1.491240
6.456542e-02 9.614624e-02 0.805914 1.585936
6.606934e-02 9.747059e-02 0.815184 1.560274
6.760830e-02 9.881008e-02 0.824534 1.577306
6.918310e-02 1.001648e-01 0.834006 1.601749
7.079458e-02 1.015349e-01 0.843602 1.626330
7.244360e-02 1.029204e-01 0.853553 1.690539
7.413102e-02 1.043216e-01 0.863694 1.726828
7.585776e-02 1.057369e-01 0.873736 1.715885
7.762471e-02 1.071688e-01 0.884008 1.758393
7.943282e-02 1.086166e-01 0.894420 1.786506
8.128305e-02 1.100804e-01 0.904969 1.814504
8.317638e-02 1.115602e-01 0.915894 1.883848
8.511380e-02 1.130563e-01 0.927148 1.945160
8.709636e-02 1.145665e-01 0.938427 1.957271
8.912509e-02 1.160948e-01 0.949862 1.986870
9.120108e-02 1.176396e-01 0.961452 2.018919
9.332543e-02 1.192009e-01 0.973202 2.052160
9.549926e-02 1.207789e-01 0.985304 2.118715
9.772372e-02 1.223738e-01 0.997875 2.206545
1.000000e-01 1.239859e-01 1.010548 2.229655
1.023293e-01 1.256162e-01 1.023340 2.254828
1.047129e-01 1.272652e-01 1.036174 2.265899
1.071519e-01 1.289319e-01 1.049197 2.304472
1.096478e-01 1.306165e-01 1.062378 2.338192
1.122018e-01 1.323190e-01 1.076368 2.487398
1.148154e-01 1.340402e-01 1.090665 2.547071
1.174898e-01 1.357769e-01 1.104773 2.523570
1.202264e-01 1.375313e-01 1.119069 2.564065
1.230269e-01 1.393036e-01 1.133566 2.606813
1.258925e-01 1.410941e-01 1.148265 2.650260
1.288250e-01 1.429027e-01 1.163856 2.818454
1.318257e-01 1.447300e-01 1.180392 2.996720
1.348963e-01 1.465736e-01 1.196332 2.899679
1.380384e-01 1.484352e-01 1.212489 2.947863
1.412538e-01 1.503149e-01 1.228880 2.998938
1.445440e-01 1.522131e-01 1.245517 3.052902
1.479108e-01 1.541297e-01 1.262863 3.191817
1.513561e-01 1.560649e-01 1.281309 3.404135
1.548817e-01 1.580178e-01 1.299574 3.381716
1.584893e-01 1.599954e-01 1.318721 3.544811
1.621810e-01 1.619932e-01 1.337376 3.461402
1.659587e-01 1.640116e-01 1.356333 3.525168
1.698244e-01 1.660507e-01 1.374679 3.418880
1.737801e-01 1.681105e-01 1.395309 3.853050
1.778279e-01 1.701868e-01 1.417845 4.227268
1.819701e-01 1.722870e-01 1.438596 3.895806
1.862087e-01 1.744082e-01 1.459639 3.959631
1.905461e-01 1.765506e-01 1.480998 4.028168
1.949845e-01 1.787145e-01 1.502678 4.097887
1.995262e-01 1.809000e-01 1.521484 3.562526
2.041738e-01 1.831073e-01 1.546080 4.669710
2.089296e-01 1.853351e-01 1.573730 5.264736
2.137962e-01 1.875844e-01 1.597351 4.508793
2.187762e-01 1.898555e-01 1.621277 4.577762
2.238721e-01 1.921487e-01 1.645560 4.656902
2.290868e-01 1.944641e-01 1.670214 4.739353
2.344229e-01 1.968020e-01 1.695492 4.870410
2.398833e-01 1.991638e-01 1.723868 5.477082
2.454709e-01 2.015479e-01 1.748026 4.674824
2.511886e-01 2.039606e-01 1.773591 4.946688
2.570396e-01 2.064012e-01 1.799597 5.034238
2.630268e-01 2.088699e-01 1.825992 5.111648
2.691535e-01 2.113668e-01 1.868126 8.163988
2.754229e-01 2.138923e-01 1.887536 3.762692
2.818383e-01 2.164078e-01 1.885466 -0.407606
2.884032e-01 2.190148e-01 1.909801 4.679251
2.951209e-01 2.216589e-01 1.935019 4.838629
3.019952e-01 2.243405e-01 1.960553 4.889177
3.090295e-01 2.270601e-01 1.986406 4.940395
3.162278e-01 2.298180e-01 2.043531 10.895088
3.235937e-01 2.326149e-01 2.048659 0.975980
3.311311e-01 2.353996e-01 2.027923 -4.012138
3.388442e-01 2.383346e-01 2.049539 4.016632
3.467369e-01 2.413232e-01 2.072165 4.180847
3.548134e-01 2.443665e-01 2.095080 4.210197
3.630781e-01 2.474659e-01 2.118223 4.227950
3.715352e-01 2.506229e-01 2.141388 4.207749
3.801894e-01 2.538395e-01 2.137797 -0.648339
3.890451e-01 2.572432e-01 2.168745 5.349906
3.981072e-01 2.607268e-01 2.186085 2.968342
4.073803e-01 2.642936e-01 2.203818 3.005126
4.168694e-01 2.679432e-01 2.221499 2.968507
4.265795e-01 2.716769e-01 2.228606 1.182560
4.365158e-01 2.755161e-01 2.271404 7.022570
4.466836e-01 2.793978e-01 2.290963 3.219094
4.570882e-01 2.833603e-01 2.310185 3.142898
4.677351e-01 2.874037e-01 2.329419 3.125797
4.786301e-01 2.915292e-01 2.348667 3.109661
4.897788e-01 2.957377e-01 2.341870 -1.091866
5.011872e-01 3.000964e-01 2.415416 11.574338
5.128614e-01 3.044224e-01 2.438514 3.715998
5.248075e-01 3.088242e-01 2.461152 3.631098
5.370318e-01 3.133019e-01 2.483930 3.643531
5.495409e-01 3.178561e-01 2.463305 -3.290862
5.623413e-01 3.224870e-01 2.507693 7.066431
5.754399e-01 3.272559e-01 2.581951 11.647824
5.888437e-01 3.319795e-01 2.608762 4.307787
6.025596e-01 3.367728e-01 2.635503 4.295207
6.165950e-01 3.416365e-01 2.662381 4.316284
6.309573e-01 3.465713e-01 2.661479 -0.144920
6.456542e-01 3.516362e-01 2.728306 10.605823
6.606934e-01 3.566775e-01 2.758983 4.962274
6.760830e-01 3.617852e-01 2.789773 4.986041
6.918310e-01 3.669602e-01 2.820935 5.052185
7.079458e-01 3.722031e-01 2.841189 3.287322
7.244360e-01 3.775147e-01 2.874773 5.457375
7.413102e-01 3.828921e-01 2.909220 5.608060
7.585776e-01 3.883263e-01 2.945444 5.918429
7.762471e-01 3.938319e-01 2.984080 6.319263
7.943282e-01 3.994096e-01 3.017303 5.439591
8.128305e-01 4.050604e-01 3.056054 6.351183
8.317638e-01 4.107854e-01 3.088026 5.245534
8.511380e-01 4.165785e-01 3.109593 3.546179
8.709636e-01 4.224594e-01 3.143043 5.494250
8.912509e-01 4.284193e-01 3.176932 5.570190
9.120108e-01 4.344596e-01 3.211165 5.630051
9.332543e-01 4.405814e-01 3.263905 8.678939
9.549926e-01 4.467609e-01 3.278527 2.417212
9.772372e-01 4.530479e-01 3.313930 5.833442
1.000000e+00 4.594204e-01 3.349828 5.917823
1.023293e+00 4.658801e-01 3.386077 5.977750
1.047129e+00 4.724285e-01 3.422677 6.037715
1.071519e+00 4.790669e-01 3.482454 9.863972
1.096478e+00 4.857772e-01 3.502096 3.251542
1.122018e+00 4.925828e-01 3.540536 6.361967
1.148154e+00 4.994797e-01 3.579372 6.431277
1.174898e+00 5.064699e-01 3.618579 6.495785
1.202264e+00 5.135551e-01 3.670950 8.680227
1.230269e+00 5.207373e-01 3.719624 8.069756
1.258925e+00 5.280039e-01 3.755588 5.975657
1.288250e+00 5.353438e-01 3.798502 7.157460
1.318257e+00 5.427792e-01 3.841747 7.219023
1.348963e+00 5.503119e-01 3.885417 7.295773
1.380384e+00 5.579442e-01 3.936378 8.519184
1.412538e+00 5.656770e-01 4.001253 10.852835
1.445440e+00 5.734810e-01 4.056274 9.246418
1.479108e+00 5.813368e-01 4.105646 8.355649
1.513561e+00 5.893189e-01 4.165700 10.139869
1.548817e+00 5.972811e-01 4.206550 7.008771
1.584893e+00 6.053056e-01 4.257886 8.857261
1.621810e+00 6.133928e-01 4.320202 10.811370
1.659587e+00 6.215998e-01 4.407372 15.101697
1.698244e+00 6.297940e-01 4.473859 11.689675
1.737801e+00 6.380370e-01 4.540884 11.868406
1.778279e+00 6.463274e-01 4.609180 12.181036
1.819701e+00 6.546634e-01 4.646209 6.653378
1.862087e+00 6.630431e-01 4.720086 13.374494
1.905461e+00 6.715254e-01 4.825067 19.015909
1.949845e+00 6.799767e-01 4.899086 13.627580
1.995262e+00 6.884577e-01 4.974118 13.937997
2.041738e+00 6.969608e-01 5.049788 14.194255
2.089296e+00 7.054853e-01 5.126914 14.608235
2.137962e+00 7.140583e-01 5.183119 10.714531
2.187762e+00 7.226973e-01 5.250607 12.921848
2.238721e+00 7.313158e-01 5.306775 10.909419
2.290868e+00 7.400883e-01 5.375942 13.356411
2.344229e+00 7.489365e-01 5.447129 13.791995
2.398833e+00 7.578623e-01 5.519458 14.057441
2.454709e+00 7.668661e-01 5.592946 14.327133
2.511886e+00 7.759483e-01 5.690768 19.131153
2.570396e+00 7.851120e-01 5.733225 8.326820
2.630268e+00 7.942629e-01 5.761044 5.527747
2.691535e+00 8.037178e-01 5.829784 13.375294
2.754229e+00 8.132831e-01 5.900325 13.728900
2.818383e+00 8.229606e-01 5.971940 13.940103
2.884032e+00 8.327515e-01 6.052091 15.604600
2.951209e+00 8.426691e-01 6.089900 7.353540
3.019952e+00 8.527403e-01 6.136877 9.104486
3.090295e+00 8.629815e-01 6.196653 11.529228
3.162278e+00 8.733679e-01 6.257190 11.651364
3.235937e+00 8.839013e-01 6.318196 11.717277
3.311311e+00 8.945841e-01 6.379674 11.783154
3.388442e+00 9.054185e-01 6.461310 15.614642
3.467369e+00 9.164066e-01 6.533014 13.686964
3.548134e+00 9.275261e-01 6.584998 9.924452
3.630781e+00 9.387786e-01 6.648947 12.210923
3.715352e+00 9.501828e-01 6.713227 12.258006
3.801894e+00 9.617400e-01 6.778001 12.336726
3.890451e+00 9.734545e-01 6.842564 12.278833
3.981072e+00 9.853342e-01 6.925925 15.824517
4.073803e+00 9.973782e-01 7.033347 20.359261
4.168694e+00 1.009289e+00 7.045447 2.346868
4.265795e+00 1.021025e+00 7.134751 17.786766
4.365158e+00 1.032780e+00 7.223355 17.822689
4.466836e+00 1.044544e+00 7.312838 18.191232
4.570882e+00 1.056312e+00 7.404080 18.753300
4.677351e+00 1.068078e+00 7.446970 8.915163
4.786301e+00 1.079834e+00 7.550360 21.747445
4.897788e+00 1.091750e+00 7.711327 33.773462
5.011872e+00 1.103440e+00 7.814412 22.285395
5.128614e+00 1.115089e+00 7.918469 22.816931
5.248075e+00 1.126688e+00 8.024793 23.657565
5.370318e+00 1.138231e+00 8.134597 24.803961
5.495409e+00 1.149712e+00 8.238130 23.754204
5.623413e+00 1.161346e+00 8.403336 37.780959
5.754399e+00 1.173065e+00 8.522157 27.249232
5.888437e+00 1.184616e+00 8.603333 19.075863
6.025596e+00 1.196347e+00 8.712910 25.604636
6.165950e+00 1.208110e+00 8.826040 26.624010
6.309573e+00 1.219904e+00 8.941059 27.261010
6.456542e+00 1.231728e+00 9.058003 27.916632
6.606934e+00 1.243579e+00 9.176910 28.591572
6.760830e+00 1.255456e+00 9.356741 43.564960
6.918310e+00 1.267356e+00 9.436726 19.521469
7.079458e+00 1.279182e+00 9.493016 13.955038
7.244360e+00 1.291346e+00 9.615484 29.796624
7.413102e+00 1.304004e+00 9.813195 46.669634
7.585776e+00 1.317009e+00 9.930928 27.317191
7.762471e+00 1.330212e+00 10.052680 28.104063
7.943282e+00 1.343616e+00 10.175613 28.233578
8.128305e+00 1.357222e+00 10.332406 35.830991
8.317638e+00 1.371035e+00 10.456018 28.109575
8.511380e+00 1.384931e+00 10.543061 19.873686
8.709636e+00 1.399181e+00 10.668332 28.178371
8.912509e+00 1.413654e+00 10.795576 28.470363
9.120108e+00 1.428355e+00 10.923941 28.571331
9.332543e+00 1.443285e+00 11.053175 28.616191
9.549926e+00 1.458450e+00 11.183147 28.632074
9.772372e+00 1.473854e+00 11.319786 29.945518
1.000000e+01 1.489304e+00 11.428899 24.092517
1.023293e+01 1.505031e+00 11.577319 32.533013
1.047129e+01 1.520917e+00 11.717982 30.848160
1.071519e+01 1.537002e+00 11.859512 30.976673
1.096478e+01 1.553289e+00 12.002550 31.244540
1.122018e+01 1.569782e+00 12.147109 31.514286
1.148154e+01 1.586484e+00 12.259734 24.504068
1.174898e+01 1.603396e+00 12.408508 32.305642
1.202264e+01 1.620523e+00 12.559769 32.780875
1.230269e+01 1.637967e+00 12.736615 38.031901
1.258925e+01 1.655503e+00 12.887582 32.642798
1.288250e+01 1.673255e+00 13.039492 32.794289
1.318257e+01 1.691226e+00 13.192955 33.076643
1.348963e+01 1.709325e+00 13.337425 31.250936
1.380384e+01 1.727614e+00 13.495860 34.278200
1.412538e+01 1.746118e+00 13.648019 32.885834
1.445440e+01 1.764779e+00 13.788004 30.320143
1.479108e+01 1.783736e+00 13.943364 33.481362
1.513561e+01 1.802927e+00 14.100807 33.877311
1.548817e+01 1.822354e+00 14.259803 34.158046
1.584893e+01 1.842022e+00 14.420364 34.440252
1.621810e+01 1.861933e+00 14.582503 34.723924
1.659587e+01 1.882092e+00 14.760149 37.985342
1.698244e+01 1.902502e+00 14.908610 31.694010
1.737801e+01 1.923174e+00 15.055442 31.283197
1.778279e+01 1.944188e+00 15.220567 34.987907
1.819701e+01 1.965689e+00 15.420809 41.921429
1.862087e+01 1.987650e+00 15.586623 34.364718
1.905461e+01 2.009977e+00 15.755245 34.759453
1.949845e+01 2.032674e+00 15.937995 37.474014
1.995262e+01 2.055747e+00 16.113165 35.734403
2.041738e+01 2.079050e+00 16.273383 32.729487
2.089296e+01 2.102882e+00 16.446930 35.060677
2.137962e+01 2.127111e+00 16.622327 35.253591
2.187762e+01 2.151743e+00 16.798963 35.325386
2.238721e+01 2.176784e+00 16.976846 35.400318
2.290868e+01 2.202240e+00 17.164546 37.173789
2.344229e+01 2.228116e+00 17.362041 38.928729
2.398833e+01 2.254354e+00 17.552821 37.523844
2.454709e+01 2.281060e+00 17.737513 36.110151
2.511886e+01 2.308228e+00 17.939570 39.295661
2.570396e+01 2.335693e+00 18.109209 33.022808
2.630268e+01 2.363552e+00 18.312530 39.483807
2.691535e+01 2.391812e+00 18.485520 33.513362
2.754229e+01 2.420477e+00 18.688604 39.251257
2.818383e+01 2.449739e+00 18.945160 49.159008
2.884032e+01 2.479186e+00 19.157794 40.975805
2.951209e+01 2.509029e+00 19.371282 41.083158
3.019952e+01 2.539272e+00 19.586919 41.439253
3.090295e+01 2.569923e+00 19.804726 41.799012
3.162278e+01 2.600986e+00 19.967695 31.232857
3.235937e+01 2.632701e+00 20.245855 52.846268
3.311311e+01 2.664473e+00 20.470635 43.145713
3.388442e+01 2.696645e+00 20.696670 43.364397
3.467369e+01 2.729227e+00 20.924303 43.642607
3.548134e+01 2.762227e+00 21.154117 44.027487
3.630781e+01 2.795657e+00 21.375849 42.440710
3.715352e+01 2.829144e+00 21.597412 42.846803
3.801894e+01 2.862794e+00 21.817507 42.861306
3.890451e+01 2.896758e+00 22.049249 45.242764
3.981072e+01 2.931042e+00 22.283577 45.857978
4.073803e+01 2.965642e+00 22.520365 46.459328
4.168694e+01 3.000555e+00 22.759643 47.076080
4.265795e+01 3.035776e+00 23.034586 54.248849
4.365158e+01 3.071301e+00 23.267942 46.185244
4.466836e+01 3.107119e+00 23.469760 40.078789
4.570882e+01 3.143266e+00 23.714847 48.789998
4.677351e+01 3.179707e+00 23.962855 49.543007
4.786301e+01 3.216431e+00 24.213820 50.322634
4.897788e+01 3.253432e+00 24.467830 51.134237
5.011872e+01 3.290935e+00 24.726868 52.041092
5.128614e+01 3.328942e+00 24.989405 52.645655
5.248075e+01 3.367076e+00 25.242142 51.091004
5.370318e+01 3.405809e+00 25.502266 52.367314
5.495409e+01 3.444947e+00 25.765848 53.116906
5.623413e+01 3.484496e+00 26.031787 53.645192
5.754399e+01 3.524455e+00 26.300097 54.181352
5.888437e+01 3.564826e+00 26.587914 58.188240
6.025596e+01 3.605606e+00 26.870228 57.148637
6.165950e+01 3.646696e+00 27.150523 56.956334
6.309573e+01 3.688512e+00 27.439419 58.343163
6.456542e+01 3.731121e+00 27.704328 53.107816
6.606934e+01 3.774269e+00 27.993949 58.000103
6.760830e+01 3.817963e+00 28.286122 58.447419
6.918310e+01 3.862212e+00 28.582829 59.289809
7.079458e+01 3.907023e+00 28.887195 60.753374
7.244360e+01 3.952384e+00 29.194322 61.262962
7.413102e+01 3.998372e+00 29.499887 60.820223
7.585776e+01 4.044954e+00 29.808275 61.305655
7.762471e+01 4.092137e+00 30.119672 61.826791
7.943282e+01 4.139931e+00 30.433805 62.291758
8.128305e+01 4.188368e+00 30.764070 65.376773
8.317638e+01 4.237385e+00 31.094328 65.357554
8.511380e+01 4.287076e+00 31.421737 64.664003
8.709636e+01 4.337434e+00 31.753624 65.439464
8.912509e+01 4.388450e+00 32.088678 65.976716
9.120108e+01 4.440136e+00 32.426879 66.508748
9.332543e+01 4.492500e+00 32.768253 67.044101
9.549926e+01 4.545551e+00 33.124072 69.788800
9.772372e+01 4.599300e+00 33.481128 69.939166
1.000000e+02 4.653770e+00 33.834868 69.182307
1.023293e+02 4.709014e+00 34.199278 71.103891
1.047129e+02 4.764996e+00 34.551875 68.698226
1.071519e+02 4.821727e+00 34.918430 71.312846
1.096478e+02 4.879219e+00 35.288257 71.843722
1.122018e+02 4.937482e+00 35.665351 73.148088
1.148154e+02 4.996527e+00 36.040962 72.753810
1.174898e+02 5.056413e+00 36.414255 72.144284
1.202264e+02 5.117161e+00 36.796510 73.700892
1.230269e+02 5.178752e+00 37.182420 74.270351
1.258925e+02 5.241198e+00 37.572022 74.844757
1.288250e+02 5.304513e+00 37.965129 75.380737
1.318257e+02 5.368723e+00 38.365524 76.623863
1.348963e+02 5.433831e+00 38.751259 73.682060
1.380384e+02 5.499930e+00 39.152271 76.368055
1.412538e+02 5.566967e+00 39.557134 76.948400
1.445440e+02 5.634957e+00 39.965640 77.486457
1.479108e+02 5.703915e+00 40.377815 78.027437
1.513561e+02 5.773857e+00 40.798060 79.397138
1.548817e+02 5.844797e+00 41.207656 77.232649
1.584893e+02 5.916833e+00 41.614977 76.565833
1.621810e+02 5.989887e+00 42.036856 79.162138
1.659587e+02 6.064005e+00 42.462438 79.683172
1.698244e+02 6.139204e+00 42.891656 80.189331
1.737801e+02 6.215503e+00 43.324510 80.693209
1.778279e+02 6.292897e+00 43.754045 79.922630
1.819701e+02 6.371412e+00 44.182320 79.530323
1.862087e+02 6.451083e+00 44.616857 80.515853
1.905461e+02 6.531823e+00 45.058765 81.807535
1.949845e+02 6.613714e+00 45.504171 82.314685
1.995262e+02 6.696774e+00 45.953281 82.858740
2.041738e+02 6.781020e+00 46.411474 84.390920
2.089296e+02 6.866472e+00 46.855803 81.698667
2.137962e+02 6.953102e+00 47.297968 81.206619
2.187762e+02 7.040942e+00 47.755465 83.911541
2.238721e+02 7.130030e+00 48.216744 84.474158
2.290868e+02 7.220386e+00 48.681612 84.999311
2.344229e+02 7.312131e+00 49.152770 85.921731
2.398833e+02 7.405085e+00 49.616483 84.525181
2.454709e+02 7.499336e+00 50.077446 83.922722
2.511886e+02 7.594974e+00 50.551286 86.097466
2.570396e+02 7.691978e+00 51.028939 86.661061
2.630268e+02 7.790369e+00 51.510209 87.186657
2.691535e+02 7.890169e+00 51.995110 87.713050
2.754229e+02 7.991400e+00 52.500744 91.326123
2.818383e+02 8.094085e+00 53.002706 90.527117
2.884032e+02 8.198198e+00 53.491402 88.043298
2.951209e+02 8.303740e+00 53.992552 90.210921
3.019952e+02 8.410777e+00 54.497604 90.797821
3.090295e+02 8.519332e+00 55.006350 91.345620
3.162278e+02 8.629430e+00 55.524381 92.894441
3.235937e+02 8.741128e+00 56.070638 97.801581
3.311311e+02 8.854334e+00 56.607531 96.072453
3.388442e+02 8.969066e+00 57.145696 96.249857
3.467369e+02 9.085389e+00 57.688147 96.930270
3.548134e+02 9.203326e+00 58.235028 97.635168
3.630781e+02 9.322901e+00 58.786366 98.343317
3.715352e+02 9.444138e+00 59.373334 104.605374
3.801894e+02 9.567135e+00 59.961442 104.653415
3.890451e+02 9.691708e+00 60.540444 103.054102
3.981072e+02 9.817992e+00 61.124186 103.825303
4.073803e+02 9.946012e+00 61.712845 104.626037
4.168694e+02 1.007579e+01 62.306752 105.485446
4.265795e+02 1.020736e+01 62.925544 109.828361
4.365158e+02 1.034075e+01 63.539611 108.899867
4.466836e+02 1.047602e+01 64.156606 109.314762
4.570882e+02 1.061312e+01 64.780398 110.469431
4.677351e+02 1.075210e+01 65.409692 111.373233
4.786301e+02 1.089300e+01 66.044597 112.295136
4.897788e+02 1.103583e+01 66.709142 117.463472
5.011872e+02 1.118062e+01 67.388757 120.051346
5.128614e+02 1.132728e+01 68.051807 117.147951
5.248075e+02 1.147601e+01 68.724831 118.799549
5.370318e+02 1.162677e+01 69.404213 119.858452
5.495409e+02 1.177960e+01 70.090065 120.935949
5.623413e+02 1.193451e+01 70.805812 126.140609
5.754399e+02 1.209155e+01 71.552105 131.454643
5.888437e+02 1.225063e+01 72.291516 130.253537
6.025596e+02 1.241178e+01 72.994243 123.812632
6.165950e+02 1.257511e+01 73.733877 130.276463
6.309573e+02 1.274063e+01 74.480386 131.448542
6.456542e+02 1.290837e+01 75.256712 136.658532
6.606934e+02 1.307838e+01 76.029987 136.080994
6.760830e+02 1.325052e+01 76.784971 132.943304
6.918310e+02 1.342506e+01 77.564825 137.222357
7.079458e+02 1.360193e+01 78.352737 138.611787
7.244360e+02 1.378116e+01 79.148558 139.974364
7.413102e+02 1.396280e+01 79.952365 141.350163
7.585776e+02 1.414687e+01 80.785072 146.402700
7.762471e+02 1.433341e+01 81.611019 145.178271
7.943282e+02 1.452243e+01 82.446891 146.907674
8.128305e+02 1.471398e+01 83.277250 145.913492
8.317638e+02 1.490809e+01 84.125765 149.075536
8.511380e+02 1.510479e+01 84.982890 150.560347
8.709636e+02 1.530413e+01 85.860492 154.128483
8.912509e+02 1.550621e+01 86.711382 149.360767
9.120108e+02 1.571088e+01 87.591382 154.526182
9.332543e+02 1.591827e+01 88.480253 156.065843
9.549926e+02 1.612843e+01 89.378073 157.619538
9.772372e+02 1.634138e+01 90.284934 159.188684
1.000000e+03 1.655717e+01 91.214930 163.231852
1.023293e+03 1.677584e+01 92.139105 162.191940
1.047129e+03 1.699735e+01 93.063321 162.233029
1.071519e+03 1.722182e+01 94.005510 165.352708
1.096478e+03 1.744930e+01 94.961599 167.768083
1.122018e+03 1.767975e+01 95.918176 167.874019
1.148154e+03 1.791326e+01 96.901207 172.508288
1.174898e+03 1.814987e+01 97.899574 175.191111
1.202264e+03 1.838958e+01 98.894849 174.660062
1.230269e+03 1.863249e+01 99.904052 177.078633
1.258925e+03 1.887863e+01 100.923654 178.894240
1.288250e+03 1.912803e+01 101.953659 180.710514
1.318257e+03 1.938073e+01 103.033763 189.490727
1.348963e+03 1.963679e+01 104.097927 186.684811
1.380384e+03 1.989602e+01 105.139069 182.796542
1.412538e+03 2.015879e+01 106.213092 188.483251
1.445440e+03 2.042502e+01 107.298006 190.396267
1.479108e+03 2.069478e+01 108.394009 192.344087
1.513561e+03 2.096818e+01 109.520985 197.718276
1.548817e+03 2.124499e+01 110.642407 196.881419
1.584893e+03 2.152533e+01 111.754202 195.285676
1.621810e+03 2.180946e+01 112.896444 200.562310
1.659587e+03 2.209734e+01 114.051031 202.735740
1.698244e+03 2.238901e+01 115.217471 204.823005
1.737801e+03 2.268452e+01 116.425763 212.178224
