Pressure (Mbar) | Density (g cm^-3) | dP/dRho (Mbar g^-1 cm^3) | d^2P/dRho^2 (Mbar g^-2 cm^6) 

1e-05 3.58332 0.447083 0.373059
1.02329e-05 3.58332 0.447083 0.373059
1.04713e-05 3.58332 0.447083 0.373059
1.07152e-05 3.58332 0.447084 0.373058
1.09648e-05 3.58332 0.447084 0.373058
1.12202e-05 3.58333 0.447084 0.373058
1.14815e-05 3.58333 0.447084 0.373079
1.1749e-05 3.58333 0.447084 0.373058
1.20226e-05 3.58333 0.447085 0.373057
1.23027e-05 3.58333 0.447085 0.373036
1.25893e-05 3.58333 0.447085 0.373057
1.28825e-05 3.58333 0.447085 0.373036
1.31826e-05 3.58333 0.447086 0.373077
1.34896e-05 3.58333 0.447086 0.373056
1.38038e-05 3.58333 0.447086 0.373077
1.41254e-05 3.58333 0.447086 0.373056
1.44544e-05 3.58333 0.447087 0.373035
1.47911e-05 3.58333 0.447087 0.373014
1.51356e-05 3.58333 0.447087 0.373055
1.54882e-05 3.58333 0.447088 0.373075
1.58489e-05 3.58334 0.447088 0.373054
1.62181e-05 3.58334 0.447088 0.373054
1.65959e-05 3.58334 0.447088 0.373033
1.69824e-05 3.58334 0.447089 0.373053
1.7378e-05 3.58334 0.447089 0.373074
1.77828e-05 3.58334 0.447089 0.373032
1.8197e-05 3.58334 0.44709 0.373053
1.86209e-05 3.58334 0.44709 0.373073
1.90546e-05 3.58334 0.44709 0.373093
1.94984e-05 3.58334 0.447091 0.373093
1.99526e-05 3.58334 0.447091 0.373051
2.04174e-05 3.58335 0.447092 0.373072
2.0893e-05 3.58335 0.447092 0.37305
2.13796e-05 3.58335 0.447092 0.373029
2.18776e-05 3.58335 0.447093 0.37305
2.23872e-05 3.58335 0.447093 0.37307
2.29087e-05 3.58335 0.447094 0.373049
2.34423e-05 3.58335 0.447094 0.373048
2.39883e-05 3.58335 0.447095 0.373048
2.45471e-05 3.58335 0.447095 0.373048
2.51189e-05 3.58336 0.447096 0.373047
2.5704e-05 3.58336 0.447096 0.373047
2.63027e-05 3.58336 0.447097 0.373067
2.69153e-05 3.58336 0.447097 0.373025
2.75423e-05 3.58336 0.447098 0.373066
2.81838e-05 3.58336 0.447098 0.373065
2.88403e-05 3.58336 0.447099 0.373044
2.95121e-05 3.58337 0.447099 0.373023
3.01995e-05 3.58337 0.4471 0.373043
3.0903e-05 3.58337 0.4471 0.373022
3.16228e-05 3.58337 0.447101 0.373063
3.23594e-05 3.58337 0.447102 0.373041
3.31131e-05 3.58337 0.447102 0.373062
3.38844e-05 3.58338 0.447103 0.373103
3.46737e-05 3.58338 0.447104 0.37306
3.54813e-05 3.58338 0.447104 0.373018
3.63078e-05 3.58338 0.447105 0.37308
3.71535e-05 3.58338 0.447106 0.373079
3.80189e-05 3.58339 0.447106 0.373058
3.89045e-05 3.58339 0.447107 0.373036
3.98107e-05 3.58339 0.447108 0.373056
4.0738e-05 3.58339 0.447109 0.373076
4.16869e-05 3.58339 0.447109 0.373096
4.2658e-05 3.5834 0.44711 0.373075
4.36516e-05 3.5834 0.447111 0.373053
4.46684e-05 3.5834 0.447112 0.373032
4.57088e-05 3.5834 0.447113 0.373052
4.67735e-05 3.5834 0.447114 0.373051
4.7863e-05 3.58341 0.447115 0.37305
4.89779e-05 3.58341 0.447115 0.37307
5.01187e-05 3.58341 0.447116 0.373069
5.12861e-05 3.58341 0.447117 0.373047
5.24807e-05 3.58342 0.447118 0.373067
5.37032e-05 3.58342 0.447119 0.373066
5.49541e-05 3.58342 0.44712 0.373045
5.62341e-05 3.58343 0.447122 0.373064
5.7544e-05 3.58343 0.447123 0.373043
5.88844e-05 3.58343 0.447124 0.373062
6.0256e-05 3.58343 0.447125 0.373061
6.16595e-05 3.58344 0.447126 0.37306
6.30957e-05 3.58344 0.447127 0.373038
6.45654e-05 3.58344 0.447128 0.373058
6.60693e-05 3.58345 0.44713 0.373057
6.76083e-05 3.58345 0.447131 0.373035
6.91831e-05 3.58345 0.447132 0.373054
7.07946e-05 3.58346 0.447134 0.373032
7.24436e-05 3.58346 0.447135 0.373052
7.4131e-05 3.58347 0.447136 0.373071
7.58578e-05 3.58347 0.447138 0.373028
7.76247e-05 3.58347 0.447139 0.373048
7.94328e-05 3.58348 0.447141 0.373067
8.12831e-05 3.58348 0.447142 0.373045
8.31764e-05 3.58349 0.447144 0.373085
8.51138e-05 3.58349 0.447146 0.373083
8.70964e-05 3.58349 0.447147 0.373019
8.91251e-05 3.5835 0.447149 0.373059
9.12011e-05 3.5835 0.447151 0.373079
9.33254e-05 3.58351 0.447152 0.373077
9.54993e-05 3.58351 0.447154 0.373075
9.77237e-05 3.58352 0.447156 0.373053
0.0001 3.58352 0.447158 0.373051
0.000102329 3.58353 0.44716 0.373028
0.000104713 3.58353 0.447162 0.373047
0.000107152 3.58354 0.447164 0.373108
0.000109648 3.58355 0.447166 0.373085
0.000112202 3.58355 0.447168 0.373083
0.000114815 3.58356 0.44717 0.37306
0.00011749 3.58356 0.447173 0.373079
0.000120226 3.58357 0.447175 0.373077
0.000123027 3.58358 0.447177 0.373074
0.000125893 3.58358 0.44718 0.373072
0.000128825 3.58359 0.447182 0.373091
0.000131826 3.58359 0.447185 0.373047
0.000134896 3.5836 0.447187 0.373065
0.000138038 3.58361 0.44719 0.373125
0.000141254 3.58362 0.447192 0.373039
0.000144544 3.58362 0.447195 0.373099
0.000147911 3.58363 0.447198 0.373034
0.000151356 3.58364 0.447201 0.373073
0.000154882 3.58365 0.447204 0.37307
0.000158489 3.58365 0.447207 0.373088
0.000162181 3.58366 0.44721 0.373065
0.000165959 3.58367 0.447213 0.373082
0.000169824 3.58368 0.447216 0.3731
0.00017378 3.58369 0.44722 0.373076
0.000177828 3.5837 0.447223 0.373094
0.00018197 3.58371 0.447226 0.373049
0.000186209 3.58372 0.44723 0.373046
0.000190546 3.58373 0.447234 0.373063
0.000194984 3.58374 0.447237 0.373101
0.000199526 3.58375 0.447241 0.373077
0.000204174 3.58376 0.447245 0.373094
0.00020893 3.58377 0.447249 0.37309
0.000213796 3.58378 0.447253 0.373107
0.000218776 3.58379 0.447257 0.373062
0.000223872 3.5838 0.447261 0.37312
0.000229087 3.58381 0.447266 0.373116
0.000234423 3.58382 0.44727 0.373091
0.000239883 3.58384 0.447275 0.373066
0.000245471 3.58385 0.447279 0.373124
0.000251189 3.58386 0.447284 0.373099
0.00025704 3.58387 0.447289 0.373074
0.000263027 3.58389 0.447294 0.37309
0.000269153 3.5839 0.447299 0.373106
0.000275423 3.58392 0.447304 0.37308
0.000281838 3.58393 0.44731 0.373075
0.000288403 3.58394 0.447315 0.373111
0.000295121 3.58396 0.447321 0.373085
0.000301995 3.58398 0.447327 0.37308
0.00030903 3.58399 0.447332 0.373137
0.000316228 3.58401 0.447338 0.373131
0.000323594 3.58402 0.447345 0.373105
0.000331131 3.58404 0.447351 0.37312
0.000338844 3.58406 0.447357 0.373113
0.000346737 3.58408 0.447364 0.373087
0.000354813 3.58409 0.447371 0.373122
0.000363078 3.58411 0.447377 0.373115
0.000371535 3.58413 0.447385 0.373109
0.000380189 3.58415 0.447392 0.373143
0.000389045 3.58417 0.447399 0.373095
0.000398107 3.58419 0.447407 0.373088
0.00040738 3.58421 0.447414 0.373122
0.000416869 3.58423 0.447422 0.373115
0.00042658 3.58425 0.44743 0.373107
0.000436516 3.58428 0.447439 0.373162
0.000446684 3.5843 0.447447 0.373112
0.000457088 3.58432 0.447456 0.373146
0.000467735 3.58435 0.447465 0.373096
0.00047863 3.58437 0.447474 0.37317
0.000489779 3.5844 0.447483 0.37312
0.000501187 3.58442 0.447493 0.373153
0.000512861 3.58445 0.447502 0.373144
0.000524807 3.58447 0.447512 0.373114
0.000537032 3.5845 0.447523 0.373125
0.000549541 3.58453 0.447533 0.373115
0.000562341 3.58456 0.447544 0.373167
0.00057544 3.58459 0.447555 0.373116
0.000588844 3.58462 0.447566 0.373126
0.00060256 3.58465 0.447577 0.373198
0.000616595 3.58468 0.447589 0.373125
0.000630957 3.58471 0.447601 0.373155
0.000645654 3.58474 0.447613 0.373144
0.000660693 3.58478 0.447626 0.373153
0.000676083 3.58481 0.447638 0.373099
0.000691831 3.58485 0.447652 0.373149
0.000707946 3.58488 0.447665 0.373157
0.000724436 3.58492 0.447679 0.373165
0.00074131 3.58496 0.447693 0.373173
0.000758578 3.585 0.447707 0.373159
0.000776247 3.58504 0.447722 0.373187
0.000794328 3.58508 0.447737 0.373152
0.000812831 3.58512 0.447752 0.373179
0.000831764 3.58516 0.447768 0.373165
0.000851138 3.5852 0.447784 0.373191
0.000870964 3.58525 0.447801 0.373217
0.000891251 3.58529 0.447818 0.373201
0.000912011 3.58534 0.447835 0.373164
0.000933254 3.58539 0.447853 0.373189
0.000954993 3.58543 0.447871 0.373193
0.000977237 3.58548 0.447889 0.373175
0.001 3.58553 0.447908 0.373199
0.00102329 3.58559 0.447928 0.373223
0.00104713 3.58564 0.447948 0.373225
0.00107152 3.58569 0.447968 0.373247
0.00109648 3.58575 0.447989 0.373228
0.00112202 3.58581 0.44801 0.373187
0.00114815 3.58587 0.448032 0.37325
0.0011749 3.58593 0.448054 0.373229
0.00120226 3.58599 0.448077 0.37327
0.00123027 3.58605 0.4481 0.373269
0.00125893 3.58611 0.448124 0.373246
0.00128825 3.58618 0.448149 0.373244
0.00131826 3.58625 0.448174 0.373262
0.00134896 3.58631 0.448199 0.373238
0.00138038 3.58638 0.448225 0.373255
0.00141254 3.58646 0.448252 0.373272
0.00144544 3.58653 0.448279 0.373267
0.00147911 3.5866 0.448307 0.373282
0.00151356 3.58668 0.448336 0.373276
0.00154882 3.58676 0.448366 0.373269
0.00158489 3.58684 0.448396 0.373324
0.00162181 3.58692 0.448426 0.373337
0.00165959 3.58701 0.448458 0.373307
0.00169824 3.58709 0.44849 0.373318
0.0017378 3.58718 0.448523 0.373308
0.00177828 3.58727 0.448557 0.373318
0.0018197 3.58736 0.448591 0.373348
0.00186209 3.58746 0.448626 0.373377
0.00190546 3.58755 0.448662 0.373385
0.00194984 3.58765 0.448699 0.373371
0.00199526 3.58775 0.448737 0.373357
0.00204174 3.58786 0.448776 0.373383
0.0020893 3.58796 0.448815 0.373408
0.00213796 3.58807 0.448856 0.373391
0.00218776 3.58818 0.448897 0.373414
0.00223872 3.5883 0.44894 0.373416
0.00229087 3.58841 0.448983 0.373437
0.00234423 3.58853 0.449027 0.373437
0.00239883 3.58865 0.449073 0.373477
0.00245471 3.58878 0.449119 0.373434
0.00251189 3.58891 0.449167 0.373452
0.0025704 3.58904 0.449215 0.373468
0.00263027 3.58917 0.449265 0.373463
0.00269153 3.58931 0.449316 0.373478
0.00275423 3.58944 0.449368 0.373491
0.00281838 3.58959 0.449422 0.373503
0.00288403 3.58973 0.449476 0.373535
0.00295121 3.58988 0.449532 0.373524
0.00301995 3.59004 0.449589 0.373553
0.0030903 3.59019 0.449648 0.373582
0.00316228 3.59035 0.449707 0.373567
0.00323594 3.59052 0.449769 0.373551
0.00331131 3.59068 0.449831 0.373575
0.00338844 3.59086 0.449895 0.373578
0.00346737 3.59103 0.449961 0.373599
0.00354813 3.59121 0.450028 0.373619
0.00363078 3.59139 0.450096 0.373638
0.00371535 3.59158 0.450167 0.373675
0.00380189 3.59177 0.450238 0.37367
0.00389045 3.59197 0.450312 0.373705
0.00398107 3.59217 0.450387 0.373655
0.0040738 3.59238 0.450464 0.373687
0.00416869 3.59259 0.450543 0.373716
0.0042658 3.5928 0.450623 0.373745
0.00436516 3.59302 0.450706 0.37375
0.00446684 3.59325 0.45079 0.373754
0.00457088 3.59348 0.450876 0.373797
0.00467735 3.59372 0.450965 0.373839
0.0047863 3.59396 0.451055 0.373837
0.00489779 3.59421 0.451147 0.373854
0.00501187 3.59446 0.451242 0.373848
0.00512861 3.59472 0.451338 0.373861
0.00524807 3.59498 0.451437 0.373913
0.00537032 3.59525 0.451539 0.373922
0.00549541 3.59553 0.451642 0.373949
0.00562341 3.59581 0.451748 0.373932
0.0057544 3.5961 0.451857 0.373955
0.00588844 3.5964 0.451968 0.374016
0.0060256 3.5967 0.452081 0.374013
0.00616595 3.59701 0.452197 0.374028
0.00630957 3.59733 0.452316 0.374041
0.00645654 3.59766 0.452437 0.374072
0.00660693 3.59799 0.452562 0.374141
0.00676083 3.59833 0.452689 0.374146
0.00691831 3.59868 0.452819 0.37419
0.00707946 3.59903 0.452952 0.374189
0.00724436 3.5994 0.453088 0.374206
0.0074131 3.59977 0.453228 0.374241
0.00758578 3.60015 0.45337 0.374272
0.00776247 3.60054 0.453516 0.37428
0.00794328 3.60094 0.453665 0.374305
0.00812831 3.60135 0.453818 0.374369
0.00831764 3.60176 0.453974 0.374367
0.00851138 3.60219 0.454134 0.374383
0.00870964 3.60263 0.454297 0.374456
0.00891251 3.60307 0.454465 0.374485
0.00912011 3.60353 0.454636 0.374449
0.00933254 3.604 0.454811 0.374532
0.00954993 3.60447 0.45499 0.37455
0.00977237 3.60496 0.455173 0.374585
0.01 3.60546 0.45536 0.374636
0.0102329 3.60597 0.455552 0.374663
0.0104713 3.6065 0.455748 0.374726
0.0107152 3.60703 0.455948 0.374785
0.0109648 3.60758 0.456153 0.374799
0.0112202 3.60814 0.456363 0.37485
0.0114815 3.60871 0.456578 0.374875
0.011749 3.6093 0.456797 0.374917
0.0120226 3.6099 0.457022 0.374974
0.0123027 3.61051 0.457251 0.374985
0.0125893 3.61114 0.457486 0.375073
0.0128825 3.61178 0.457727 0.375115
0.0131826 3.61243 0.457973 0.375132
0.0134896 3.6131 0.458224 0.375184
0.0138038 3.61379 0.458481 0.375211
0.0141254 3.61449 0.458744 0.375292
0.0144544 3.61521 0.459014 0.375328
0.0147911 3.61594 0.459289 0.375399
0.0151356 3.61669 0.45957 0.375423
0.0154882 3.61746 0.459858 0.375501
0.0158489 3.61824 0.460153 0.375554
0.0162181 3.61904 0.460454 0.375661
0.0165959 3.61986 0.460762 0.37568
0.0169824 3.6207 0.461077 0.375693
0.017378 3.62156 0.4614 0.375801
0.0177828 3.62244 0.461729 0.375881
0.018197 3.62333 0.462066 0.375913
0.0186209 3.62425 0.462411 0.376
0.0190546 3.62519 0.462764 0.376058
0.0194984 3.62615 0.463124 0.37611
0.0199526 3.62713 0.463493 0.376193
0.0204174 3.62813 0.46387 0.37629
0.020893 3.62915 0.464256 0.376338
0.0213796 3.6302 0.46465 0.376397
0.0218776 3.63127 0.465053 0.37653
0.0223872 3.63237 0.465466 0.376572
0.0229087 3.63349 0.465887 0.376606
0.0234423 3.63463 0.466319 0.376712
0.0239883 3.6358 0.46676 0.376829
0.0245471 3.637 0.467211 0.376875
0.0251189 3.63822 0.467672 0.376953
0.025704 3.63947 0.468143 0.377102
0.0263027 3.64075 0.468625 0.377159
0.0269153 3.64206 0.469118 0.377287
0.0275423 3.64339 0.469622 0.377384
0.0281838 3.64476 0.470137 0.377451
0.0288403 3.64615 0.470664 0.377527
0.0295121 3.64758 0.471203 0.377651
0.0301995 3.64904 0.471753 0.377744
0.030903 3.65053 0.472316 0.377846
0.0316228 3.65205 0.472892 0.377995
0.0323594 3.65361 0.473481 0.378073
0.0331131 3.6552 0.474082 0.378178
0.0338844 3.65683 0.474697 0.37827
0.0346737 3.65849 0.475326 0.378409
0.0354813 3.66019 0.475968 0.378575
0.0363078 3.66192 0.476625 0.378667
0.0371535 3.66369 0.477297 0.378805
0.0380189 3.66551 0.477983 0.378909
0.0389045 3.66736 0.478685 0.379039
0.0398107 3.66925 0.479402 0.379173
0.040738 3.67118 0.480135 0.379332
0.0416869 3.67316 0.480884 0.379475
0.042658 3.67517 0.48165 0.379623
0.0436516 3.67723 0.482433 0.379774
0.0446684 3.67934 0.483233 0.379889
0.0457088 3.68149 0.48405 0.380047
0.0467735 3.68369 0.484886 0.380206
0.047863 3.68593 0.485739 0.380368
0.0489779 3.68823 0.486612 0.380552
0.0501187 3.69057 0.487503 0.380717
0.0512861 3.69296 0.488414 0.380844
0.0524807 3.69541 0.489345 0.38103
0.0537032 3.6979 0.490296 0.381216
0.0549541 3.70045 0.491268 0.381383
0.0562341 3.70305 0.492261 0.381588
0.057544 3.70571 0.493275 0.381753
0.0588844 3.70843 0.494312 0.381955
0.060256 3.7112 0.495371 0.382136
0.0616595 3.71403 0.496453 0.382334
0.0630957 3.71692 0.497558 0.382528
0.0645654 3.71987 0.498687 0.382777
0.0660693 3.72288 0.49984 0.382963
0.0676083 3.72596 0.501018 0.383145
0.0691831 3.7291 0.502221 0.383399
0.0707946 3.7323 0.50345 0.383572
0.0724436 3.73557 0.504706 0.383871
0.074131 3.73891 0.505988 0.384069
0.0758578 3.74232 0.507297 0.384297
0.0776247 3.7458 0.508634 0.384575
0.0794328 3.74935 0.51 0.384825
0.0812831 3.75297 0.511394 0.385029
0.0831764 3.75667 0.512818 0.38528
0.0851138 3.76044 0.514272 0.385559
0.0870964 3.76429 0.515757 0.385808
0.0891251 3.76822 0.517273 0.386083
0.0912011 3.77222 0.518821 0.386366
0.0933254 3.77631 0.520401 0.386653
0.0954993 3.78048 0.522014 0.38691
0.0977237 3.78474 0.523661 0.387208
0.1 3.78908 0.525342 0.387548
0.102329 3.79351 0.527059 0.387854
0.104713 3.79802 0.52881 0.388124
0.107152 3.80262 0.530598 0.38849
0.109648 3.80732 0.532423 0.388726
0.112202 3.81211 0.534286 0.389112
0.114815 3.81699 0.536187 0.38946
0.11749 3.82197 0.538126 0.389788
0.120226 3.82705 0.540106 0.39015
0.123027 3.83222 0.542126 0.390509
0.125893 3.8375 0.544187 0.390846
0.128825 3.84288 0.54629 0.391233
0.131826 3.84836 0.548436 0.391577
0.134896 3.85395 0.550625 0.39197
0.138038 3.85964 0.552858 0.392339
0.141254 3.86545 0.555136 0.392734
0.144544 3.87136 0.55746 0.393154
0.147911 3.87739 0.559831 0.393531
0.151356 3.88353 0.562249 0.39395
0.154882 3.88978 0.564715 0.39439
0.158489 3.89616 0.56723 0.394837
0.162181 3.90265 0.569795 0.395254
0.165959 3.90927 0.572411 0.39569
0.169824 3.916 0.575079 0.396143
0.17378 3.92287 0.577799 0.396597
0.177828 3.92986 0.580572 0.397068
0.18197 3.93697 0.5834 0.397537
0.186209 3.94422 0.586282 0.397987
0.190546 3.9516 0.589221 0.398486
0.194984 3.95911 0.592217 0.398995
0.199526 3.96676 0.595271 0.399478
0.204174 3.97455 0.598384 0.400025
0.20893 3.98248 0.601557 0.400528
0.213796 3.99055 0.604791 0.401091
0.218776 3.99876 0.608087 0.401606
0.223872 4.00711 0.611445 0.402113
0.229087 4.01562 0.614868 0.402718
0.234423 4.02427 0.618355 0.40329
0.239883 4.03308 0.621909 0.403834
0.245471 4.04204 0.625529 0.40444
0.251189 4.05115 0.629218 0.405044
0.25704 4.06042 0.632976 0.40563
0.263027 4.06985 0.636804 0.406238
0.269153 4.07944 0.640703 0.40686
0.275423 4.0892 0.644675 0.407487
0.281838 4.09912 0.648721 0.408121
0.288403 4.10921 0.652841 0.408775
0.295121 4.11946 0.657037 0.40942
0.301995 4.12989 0.66131 0.410092
0.30903 4.14049 0.665662 0.410782
0.316228 4.15127 0.670092 0.411471
0.323594 4.16223 0.674604 0.412154
0.331131 4.17336 0.679197 0.412868
0.338844 4.18468 0.683873 0.413555
0.346737 4.19618 0.688634 0.414267
0.354813 4.20787 0.69348 0.415042
0.363078 4.21974 0.698413 0.415761
0.371535 4.23181 0.703434 0.416538
0.380189 4.24407 0.708545 0.417275
0.389045 4.25652 0.713746 0.418048
0.398107 4.26917 0.719039 0.41885
0.40738 4.28202 0.724426 0.419644
0.416869 4.29507 0.729907 0.42045
0.42658 4.30832 0.735485 0.421266
0.436516 4.32178 0.74116 0.422089
0.446684 4.33544 0.746933 0.422926
0.457088 4.34932 0.752808 0.423788
0.467735 4.36341 0.758783 0.424635
0.47863 4.37771 0.764862 0.425514
0.489779 4.39223 0.771046 0.426373
0.501187 4.40696 0.777336 0.42725
0.512861 4.42192 0.783733 0.428141
0.524807 4.4371 0.790239 0.429087
0.537032 4.4525 0.796856 0.430012
0.549541 4.46813 0.803586 0.43099
0.562341 4.484 0.810429 0.431903
0.57544 4.50009 0.817387 0.432869
0.588844 4.51642 0.824462 0.433814
0.60256 4.53298 0.831656 0.434767
0.616595 4.54978 0.83897 0.435784
0.630957 4.56683 0.846405 0.436792
0.645654 4.58411 0.853964 0.437775
0.660693 4.60165 0.861648 0.438805
0.676083 4.61943 0.86946 0.439846
0.691831 4.63746 0.8774 0.440892
0.707946 4.65574 0.88547 0.441938
0.724436 4.67428 0.893672 0.442988
0.74131 4.69307 0.902008 0.444082
0.758578 4.71212 0.910479 0.445155
0.776247 4.73144 0.919088 0.446261
0.794328 4.75102 0.927837 0.447391
0.812831 4.77087 0.936727 0.448495
0.831764 4.79098 0.945759 0.449616
0.851138 4.81137 0.954937 0.450759
0.870964 4.83203 0.964262 0.451889
0.891251 4.85296 0.973736 0.45308
0.912011 4.87418 0.983361 0.454261
0.933254 4.89568 0.993138 0.455474
0.954993 4.91746 1.00307 0.456671
0.977237 4.93952 1.01316 0.457856
1 4.96188 1.02341 0.459078
1.02329 4.98452 1.03382 0.460315
1.04713 5.00746 1.04439 0.461551
1.07152 5.03069 1.05513 0.462814
1.09648 5.05423 1.06604 0.464096
1.12202 5.07806 1.07711 0.465332
1.14815 5.1022 1.08836 0.466642
1.1749 5.12664 1.09978 0.467933
1.20226 5.1514 1.11138 0.46926
1.23027 5.17646 1.12316 0.470579
1.25893 5.20184 1.13512 0.47192
1.28825 5.22754 1.14727 0.473234
1.31826 5.25355 1.15959 0.474604
1.34896 5.27989 1.17211 0.475952
1.38038 5.30655 1.18482 0.47733
1.41254 5.33355 1.19772 0.478725
1.44544 5.36087 1.21082 0.480119
1.47911 5.38852 1.22412 0.481578
1.51356 5.41651 1.23762 0.482945
1.54882 5.44484 1.25132 0.484388
1.58489 5.47351 1.26523 0.48582
1.62181 5.50253 1.27935 0.487278
1.65959 5.53189 1.29368 0.488727
1.69824 5.56161 1.30822 0.490202
1.7378 5.59168 1.32299 0.491695
1.77828 5.6221 1.33797 0.49322
1.8197 5.65288 1.35317 0.49469
1.86209 5.68403 1.36861 0.496216
1.90546 5.71554 1.38427 0.497755
1.94984 5.74742 1.40016 0.49928
1.99526 5.77967 1.41629 0.500832
2.04174 5.8123 1.43265 0.502378
2.0893 5.8453 1.44926 0.503986
2.13796 5.87869 1.46611 0.505566
2.18776 5.91246 1.48321 0.50711
2.23872 5.94662 1.50056 0.508748
2.29087 5.98117 1.51817 0.510314
2.34423 6.01611 1.53603 0.511996
2.39883 6.05145 1.55415 0.513628
2.45471 6.08719 1.57254 0.515251
2.51189 6.12334 1.59119 0.516909
2.5704 6.15989 1.61012 0.518573
2.63027 6.19686 1.62932 0.520253
2.69153 6.23424 1.6488 0.521944
2.75423 6.27203 1.66856 0.523618
2.81838 6.31025 1.6886 0.525368
2.88403 6.3489 1.70894 0.527048
2.95121 6.38797 1.72957 0.528768
3.01995 6.42748 1.75049 0.530527
3.0903 6.46742 1.77172 0.532276
3.16228 6.50781 1.79325 0.534002
3.23594 6.54863 1.81509 0.535764
3.31131 6.58991 1.83724 0.537585
3.38844 6.63163 1.8597 0.539346
3.46737 6.67382 1.88249 0.541105
3.54813 6.71646 1.90561 0.542917
3.63078 6.75956 1.92905 0.544795
3.71535 6.80314 1.95283 0.546598
3.80189 6.84718 1.97694 0.548455
3.89045 6.8917 2.0014 0.550306
3.98107 6.9367 2.0262 0.552139
4.0738 6.98218 2.05136 0.553992
4.16869 7.02816 2.07687 0.555878
4.2658 7.07462 2.10274 0.557783
4.36516 7.12158 2.12898 0.559622
4.46684 7.16904 2.15559 0.561552
4.57088 7.21701 2.18257 0.563475
4.67735 7.26549 2.20993 0.565433
4.7863 7.31448 2.23768 0.567296
4.89779 7.36399 2.26582 0.569255
5.01187 7.41403 2.29435 0.571242
5.12861 7.46459 2.32328 0.573197
5.24807 7.51569 2.35262 0.575179
5.37032 7.56732 2.38237 0.577116
5.49541 7.6195 2.41253 0.579093
5.62341 7.67223 2.44312 0.581147
5.7544 7.7255 2.47413 0.583102
5.88844 7.77933 2.50558 0.585125
6.0256 7.83373 2.53746 0.587186
6.16595 7.88869 2.56979 0.58917
6.30957 7.94423 2.60257 0.591267
6.45654 8.00034 2.63581 0.593321
6.60693 8.05704 2.6695 0.595355
6.76083 8.11432 2.70367 0.597447
6.91831 8.1722 2.7383 0.599532
7.07946 8.23067 2.77342 0.601586
7.24436 8.28975 2.80903 0.603788
7.4131 8.34944 2.84513 0.605811
7.58578 8.40974 2.88172 0.607998
7.76247 8.47067 2.91883 0.610048
7.94328 8.53222 2.95644 0.612176
8.12831 8.5944 2.99458 0.61433
8.31764 8.65722 3.03324 0.616526
8.51138 8.72068 3.07243 0.618657
8.70964 8.78479 3.11217 0.62083
8.91251 8.84956 3.15245 0.623098
9.12011 8.91499 3.19329 0.625202
9.33254 8.98109 3.23469 0.627369
9.54993 9.04786 3.27665 0.629588
9.77237 9.11531 3.3192 0.631871
10 9.18345 3.36232 0.634113
10.2329 9.25228 3.40604 0.6363
10.4713 9.32181 3.45036 0.638553
10.7152 9.39204 3.49529 0.640813
10.9648 9.46298 3.54083 0.643084
11.2202 9.53465 3.587 0.645357
11.4815 9.60704 3.63379 0.647612
11.749 9.68016 3.68123 0.649852
12.0226 9.75402 3.72932 0.652236
12.3027 9.82862 3.77806 0.654473
12.5893 9.90398 3.82747 0.656796
12.8825 9.9801 3.87755 0.659131
13.1826 10.057 3.92831 0.661421
13.4896 10.1346 3.97977 0.663777
13.8038 10.2131 4.03193 0.666106
14.1254 10.2923 4.0848 0.668481
14.4544 10.3723 4.13839 0.670799
14.7911 10.4532 4.19271 0.673232
15.1356 10.5348 4.24777 0.675635
15.4882 10.6173 4.30357 0.677989
15.8489 10.7005 4.36014 0.680404
16.2181 10.7846 4.41747 0.682793
16.5959 10.8696 4.47558 0.685243
16.9824 10.9554 4.53449 0.687648
17.378 11.0421 4.59419 0.690082
17.7828 11.1296 4.6547 0.692464
18.197 11.218 4.71603 0.694972
18.6209 11.3073 4.77819 0.697408
19.0546 11.3975 4.84119 0.699917
19.4984 11.4886 4.90505 0.702365
19.9526 11.5806 4.96977 0.704835
20.4174 11.6735 5.03537 0.707299
20.893 11.7673 5.10185 0.709773
21.3796 11.8621 5.16924 0.712316
21.8776 11.9578 5.23753 0.714855
22.3872 12.0544 5.30674 0.717339
22.9087 12.152 5.3769 0.719857
23.4423 12.2506 5.44799 0.722423
23.9883 12.3502 5.52005 0.72496
24.5471 12.4508 5.59308 0.7276
25.1189 12.5523 5.6671 0.730111
25.704 12.6549 5.74211 0.732655
26.3027 12.7585 5.81814 0.735207
26.9153 12.8631 5.89519 0.737827
27.5423 12.9687 5.97327 0.740401
28.1838 13.0754 6.05241 0.74302
28.8403 13.1832 6.13261 0.7456
29.5121 13.292 6.2139 0.748257
30.1995 13.4019 6.29627 0.750921
30.903 13.5129 6.37976 0.753567
31.6228 13.625 6.46436 0.756184
32.3594 13.7382 6.55011 0.758816
33.1131 13.8525 6.637 0.761436
33.8844 13.9679 6.72507 0.764109
34.6737 14.0845 6.81431 0.766845
35.4813 14.2023 6.90475 0.769485
36.3078 14.3212 6.99641 0.772177
37.1535 14.4412 7.0893 0.774788
38.0189 14.5625 7.18343 0.777598
38.9045 14.685 7.27883 0.780293
39.8107 14.8087 7.3755 0.783099
40.738 14.9336 7.47347 0.785714
41.6869 15.0597 7.57275 0.788523
42.658 15.1871 7.67336 0.791166
43.6516 15.3157 7.77532 0.79394
44.6684 15.4456 7.87865 0.796683
45.7088 15.5768 7.98336 0.799566
46.7735 15.7093 8.08946 0.802301
47.863 15.8431 8.19699 0.80506
48.9779 15.9782 8.30596 0.807866
50.1187 16.1146 8.41638 0.810686
51.2861 16.2524 8.52828 0.813488
52.4807 16.3916 8.64167 0.81626
53.7032 16.5321 8.75658 0.81908
54.9541 16.674 8.87302 0.821897
56.2341 16.8173 8.99102 0.824733
57.544 16.9621 9.11059 0.827693
58.8844 17.1082 9.23176 0.830523
60.256 17.2558 9.35455 0.833432
61.6595 17.4048 9.47897 0.836174
63.0957 17.5554 9.60506 0.839158
64.5654 17.7074 9.73282 0.841845
66.0693 17.8609 9.86229 0.844908
67.6083 18.0159 9.99348 0.847759
69.1831 18.1724 10.1264 0.85072
70.7946 18.3305 10.2611 0.853656
72.4436 18.4902 10.3976 0.856583
74.131 18.6514 10.536 0.859444
75.8578 18.8142 10.6761 0.862438
77.6247 18.9786 10.8182 0.865352
79.4328 19.1446 10.9621 0.868337
81.2831 19.3123 11.1079 0.871232
83.1764 19.4816 11.2557 0.874193
85.1138 19.6526 11.4054 0.877165
87.0964 19.8253 11.5572 0.880196
89.1251 19.9997 11.7109 0.883219
91.2011 20.1758 11.8667 0.886148
93.3254 20.3536 12.0246 0.889186
95.4993 20.5332 12.1845 0.892173
97.7237 20.7145 12.3466 0.895188
100 20.8977 12.5109 0.898328
102.329 21.0826 12.6773 0.901328
104.713 21.2694 12.8459 0.904311
107.152 21.458 13.0168 0.907411
109.648 21.6485 13.1899 0.910398
112.202 21.8409 13.3653 0.91351
114.815 22.0351 13.5431 0.916583
117.49 22.2313 13.7232 0.919683
120.226 22.4294 13.9057 0.922774
123.027 22.6295 14.0906 0.92586
125.893 22.8315 14.2779 0.92887
128.825 23.0355 14.4678 0.932069
131.826 23.2416 14.6601 0.935122
134.896 23.4496 14.855 0.938272
138.038 23.6598 15.0525 0.941426
141.254 23.872 15.2526 0.944553
144.544 24.0862 15.4554 0.947756
147.911 24.3027 15.6608 0.950897
151.356 24.5212 15.8689 0.954095
154.882 24.7419 16.0798 0.957187
158.489 24.9648 16.2935 0.960303
162.181 25.1899 16.51 0.963534
165.959 25.4172 16.7294 0.966705
169.824 25.6467 16.9517 0.969937
173.78 25.8785 17.1769 0.973079
177.828 26.1126 17.4051 0.976177
181.97 26.349 17.6363 0.979596
186.209 26.5878 17.8705 0.982735
190.546 26.8289 18.1079 0.986
194.984 27.0724 18.3484 0.989208
199.526 27.3183 18.592 0.992448
204.174 27.5666 18.8389 0.995754
208.93 27.8174 19.089 0.999029
213.796 28.0707 19.3424 1.00221
218.776 28.3264 19.5992 1.0055
223.872 28.5847 19.8593 1.00883
229.087 28.8456 20.1229 1.01201
234.423 29.109 20.3899 1.01532
239.883 29.375 20.6605 1.01877
245.471 29.6437 20.9346 1.02195
251.189 29.915 21.2124 1.02527
257.04 30.189 21.4938 1.02848
263.027 30.4658 21.7789 1.03189
269.153 30.7452 22.0677 1.03523
275.423 31.0275 22.3604 1.03869
281.838 31.3125 22.6569 1.04194
288.403 31.6003 22.9573 1.04534
295.121 31.891 23.2616 1.0486
301.995 32.1846 23.57 1.05204
309.03 32.4811 23.8824 1.05539
316.228 32.7805 24.1989 1.05885
323.594 33.0829 24.5196 1.06209
331.131 33.3883 24.8444 1.06553
338.844 33.6967 25.1736 1.06897
346.737 34.0081 25.5071 1.07236
354.813 34.3227 25.8449 1.0757
363.078 34.6404 26.1872 1.07918
371.535 34.9612 26.534 1.08262
380.189 35.2852 26.8853 1.08607
389.045 35.6125 27.2413 1.08952
398.107 35.9429 27.6019 1.09295
407.38 36.2767 27.9672 1.09629
416.869 36.6137 28.3373 1.09979
426.58 36.9541 28.7123 1.10331
436.516 37.2979 29.0922 1.10667
446.684 37.6451 29.477 1.11018
457.088 37.9958 29.8669 1.11365
467.735 38.3499 30.262 1.11728
478.63 38.7076 30.6621 1.12067
489.779 39.0688 31.0676 1.12415
501.187 39.4336 31.4783 1.12757
512.861 39.802 31.8944 1.13103
524.807 40.1741 32.3159 1.13462
537.032 40.5499 32.743 1.13805
549.541 40.9295 33.1756 1.14173
562.341 41.3128 33.6139 1.14524
575.44 41.6999 34.058 1.14881
588.844 42.0909 34.5078 1.15236
602.56 42.4857 34.9635 1.15587
616.595 42.8845 35.4252 1.15941
630.957 43.2873 35.8929 1.16284
645.654 43.6941 36.3667 1.16658
660.693 44.1049 36.8467 1.17006
676.083 44.5198 37.3329 1.17373
691.831 44.9389 37.8255 1.17733
707.946 45.3622 38.3245 1.18078
724.436 45.7896 38.83 1.18459
741.31 46.2213 39.3422 1.18792
758.578 46.6574 39.861 1.19164
776.247 47.0977 40.3865 1.19516
794.328 47.5425 40.9189 1.19882
812.831 47.9917 41.4582 1.20245
831.764 48.4454 42.0046 1.20601
851.138 48.9036 42.5581 1.20975
870.964 49.3664 43.1188 1.21336
891.251 49.8339 43.6867 1.21696
912.011 50.306 44.2621 1.22051
933.254 50.7828 44.845 1.22424
954.993 51.2643 45.4354 1.22784
977.237 51.7507 46.0335 1.23147
1000 52.242 46.6394 1.23516
1023.29 52.7382 47.2532 1.23882
1047.13 53.2393 47.8749 1.24254
1071.52 53.7454 48.5047 1.24617
1096.48 54.2566 49.1427 1.24986
1122.02 54.773 49.789 1.25354
1148.15 55.2945 50.4436 1.2572
1174.9 55.8212 51.1068 1.26097
1202.26 56.3531 51.7785 1.2645
1230.27 56.8905 52.459 1.26823
1258.93 57.4332 53.1483 1.27189
1288.25 57.9813 53.8465 1.27572
1318.26 58.535 54.5538 1.27937
1348.96 59.0941 55.2702 1.28305
1380.38 59.6589 55.996 1.28671
1412.54 60.2294 56.7311 1.29046
1445.44 60.8056 57.4757 1.29422
1479.11 61.3876 58.23 1.29794
1513.56 61.9754 58.994 1.30166
1548.82 62.5691 59.768 1.30545
1584.89 63.1688 60.5519 1.30916
1621.81 63.7745 61.346 1.3128
1659.59 64.3863 62.1503 1.31659
1698.24 65.0042 62.965 1.32035
1737.8 65.6284 63.7903 1.32397
1778.28 66.2588 64.6262 1.32773
1819.7 66.8956 65.4729 1.33149
1862.09 67.5387 66.3305 1.33536
1905.46 68.1884 67.1992 1.33901
1949.84 68.8446 68.0791 1.34285
1995.26 69.5074 68.9703 1.34656
2041.74 70.1768 69.873 1.35021
2089.3 70.8531 70.7874 1.35397
2137.96 71.5361 71.7136 1.3579
2187.76 72.226 72.6517 1.36161
2238.72 72.9229 73.6018 1.36526
2290.87 73.6268 74.5642 1.36922
2344.23 74.3378 75.539 1.37299
2398.83 75.0559 76.5263 1.37661
2454.71 75.7814 77.5263 1.3803
2511.89 76.5141 78.5392 1.38422
2570.4 77.2542 79.5651 1.3879
2630.27 78.0018 80.6042 1.39186
2691.53 78.757 81.6566 1.3955
2754.23 79.5198 82.7225 1.39927
2818.38 80.2903 83.8022 1.40312
2884.03 81.0686 84.8956 1.40677
2951.21 81.8548 86.0031 1.41067
3019.95 82.6489 87.1249 1.41443
3090.3 83.4511 88.2609 1.41806
3162.28 84.2614 89.4116 1.42194
3235.94 85.0799 90.577 1.42582
3311.31 85.9066 91.7573 1.4295
3388.44 86.7418 92.9527 1.43325
3467.37 87.5854 94.1635 1.43705
3548.13 88.4376 95.3897 1.44062
3630.78 89.2984 96.6316 1.44458
3715.35 90.1679 97.8894 1.4485
3801.89 91.0463 99.1632 1.45207
3890.45 91.9336 100.453 1.45586
3981.07 92.8299 101.76 1.45972
4073.8 93.7353 103.083 1.46335
4168.69 94.6499 104.423 1.46714
4265.8 95.5737 105.781 1.47098
4365.16 96.507 107.155 1.47469
4466.84 97.4498 108.547 1.4784
4570.88 98.4021 109.957 1.48208
4677.35 99.3641 111.385 1.48614
4786.3 100.336 112.831 1.48984
4897.79 101.318 114.295 1.49352
5011.87 102.309 115.778 1.49727
5128.61 103.311 117.28 1.50094
5248.07 104.323 118.801 1.50482
5370.32 105.346 120.341 1.50854
5495.41 106.378 121.901 1.51229
5623.41 107.422 123.481 1.51599
5754.4 108.476 125.081 1.51966
5888.44 109.54 126.701 1.52328
6025.6 110.616 128.341 1.52714
6165.95 111.703 130.003 1.53078
6309.57 112.8 131.685 1.53449
6456.54 113.909 133.389 1.53832
6606.93 115.029 135.114 1.54211
6760.83 116.161 136.861 1.5454
6918.31 117.304 138.63 1.54947
7079.46 118.459 140.422 1.553
7244.36 119.626 142.236 1.55673
7413.1 120.805 144.073 1.56023
7585.78 121.996 145.933 1.56403
7762.47 123.199 147.817 1.56776
7943.28 124.414 149.725 1.57135
8128.31 125.642 151.656 1.5749
8317.64 126.882 153.612 1.57858
8511.38 128.136 155.593 1.58218
8709.64 129.402 157.598 1.58581
8912.51 130.681 159.629 1.58946
9120.11 131.973 161.685 1.59315
9332.54 133.278 163.767 1.59651
9549.93 134.597 165.876 1.6003
9772.37 135.93 168.01 1.60386
10000 137.276 170.172 1.60733
