Pressure (Mbar) | Density (g cm^-3) | dP/dRho (Mbar g^-1 cm^3) | d^2P/dRho^2 (Mbar g^-2 cm^6) 

1e-05 1.4565 0.102337 0.30912
1.02329e-05 1.4565 0.102338 0.30912
1.04713e-05 1.4565 0.102339 0.309131
1.07152e-05 1.4565 0.10234 0.309131
1.09648e-05 1.45651 0.10234 0.309107
1.12202e-05 1.45651 0.102341 0.309118
1.14815e-05 1.45651 0.102342 0.309117
1.1749e-05 1.45651 0.102343 0.309105
1.20226e-05 1.45652 0.102344 0.309116
1.23027e-05 1.45652 0.102344 0.309127
1.25893e-05 1.45652 0.102345 0.309138
1.28825e-05 1.45653 0.102346 0.309126
1.31826e-05 1.45653 0.102347 0.309137
1.34896e-05 1.45653 0.102348 0.309148
1.38038e-05 1.45653 0.102349 0.309136
1.41254e-05 1.45654 0.10235 0.309147
1.44544e-05 1.45654 0.102351 0.309146
1.47911e-05 1.45654 0.102352 0.309145
1.51356e-05 1.45655 0.102353 0.309156
1.54882e-05 1.45655 0.102354 0.309144
1.58489e-05 1.45655 0.102355 0.309155
1.62181e-05 1.45656 0.102356 0.309154
1.65959e-05 1.45656 0.102357 0.309142
1.69824e-05 1.45657 0.102359 0.309141
1.7378e-05 1.45657 0.10236 0.30914
1.77828e-05 1.45657 0.102361 0.309151
1.8197e-05 1.45658 0.102362 0.309162
1.86209e-05 1.45658 0.102364 0.309161
1.90546e-05 1.45659 0.102365 0.309137
1.94984e-05 1.45659 0.102366 0.309136
1.99526e-05 1.45659 0.102368 0.309146
2.04174e-05 1.4566 0.102369 0.309157
2.0893e-05 1.4566 0.10237 0.309145
2.13796e-05 1.45661 0.102372 0.309144
2.18776e-05 1.45661 0.102373 0.309166
2.23872e-05 1.45662 0.102375 0.309165
2.29087e-05 1.45662 0.102376 0.309164
2.34423e-05 1.45663 0.102378 0.309163
2.39883e-05 1.45663 0.10238 0.309162
2.45471e-05 1.45664 0.102381 0.309172
2.51189e-05 1.45665 0.102383 0.309183
2.5704e-05 1.45665 0.102385 0.30917
2.63027e-05 1.45666 0.102387 0.309192
2.69153e-05 1.45666 0.102389 0.309191
2.75423e-05 1.45667 0.10239 0.309201
2.81838e-05 1.45668 0.102392 0.3092
2.88403e-05 1.45668 0.102394 0.309187
2.95121e-05 1.45669 0.102396 0.30922
3.01995e-05 1.4567 0.102398 0.309184
3.0903e-05 1.4567 0.102401 0.309229
3.16228e-05 1.45671 0.102403 0.309192
3.23594e-05 1.45672 0.102405 0.309214
3.31131e-05 1.45672 0.102407 0.309213
3.38844e-05 1.45673 0.10241 0.309211
3.46737e-05 1.45674 0.102412 0.309221
3.54813e-05 1.45675 0.102414 0.309231
3.63078e-05 1.45675 0.102417 0.309218
3.71535e-05 1.45676 0.102419 0.309228
3.80189e-05 1.45677 0.102422 0.309226
3.89045e-05 1.45678 0.102425 0.309236
3.98107e-05 1.45679 0.102428 0.309246
4.0738e-05 1.4568 0.10243 0.30922
4.16869e-05 1.45681 0.102433 0.30923
4.2658e-05 1.45682 0.102436 0.309228
4.36516e-05 1.45683 0.102439 0.309261
4.46684e-05 1.45684 0.102442 0.309271
4.57088e-05 1.45685 0.102445 0.309245
4.67735e-05 1.45686 0.102449 0.309255
4.7863e-05 1.45687 0.102452 0.309252
4.89779e-05 1.45688 0.102455 0.30925
5.01187e-05 1.45689 0.102459 0.309259
5.12861e-05 1.4569 0.102462 0.309257
5.24807e-05 1.45691 0.102466 0.30929
5.37032e-05 1.45692 0.102469 0.309275
5.49541e-05 1.45694 0.102473 0.309284
5.62341e-05 1.45695 0.102477 0.309293
5.7544e-05 1.45696 0.102481 0.309291
5.88844e-05 1.45698 0.102485 0.3093
6.0256e-05 1.45699 0.102489 0.309309
6.16595e-05 1.457 0.102493 0.309317
6.30957e-05 1.45702 0.102498 0.309326
6.45654e-05 1.45703 0.102502 0.309323
6.60693e-05 1.45705 0.102507 0.309343
6.76083e-05 1.45706 0.102511 0.30934
6.91831e-05 1.45708 0.102516 0.309337
7.07946e-05 1.45709 0.102521 0.309345
7.24436e-05 1.45711 0.102526 0.309353
7.4131e-05 1.45712 0.102531 0.30935
7.58578e-05 1.45714 0.102536 0.30937
7.76247e-05 1.45716 0.102542 0.309378
7.94328e-05 1.45718 0.102547 0.309374
8.12831e-05 1.45719 0.102553 0.309382
8.31764e-05 1.45721 0.102558 0.309378
8.51138e-05 1.45723 0.102564 0.309409
8.70964e-05 1.45725 0.10257 0.309417
8.91251e-05 1.45727 0.102576 0.309424
9.12011e-05 1.45729 0.102583 0.309432
9.33254e-05 1.45731 0.102589 0.309415
9.54993e-05 1.45733 0.102596 0.309434
9.77237e-05 1.45735 0.102602 0.309441
0.0001 1.45738 0.102609 0.309448
0.000102329 1.4574 0.102616 0.309455
0.000104713 1.45742 0.102623 0.309474
0.000107152 1.45745 0.102631 0.309492
0.000109648 1.45747 0.102638 0.309475
0.000112202 1.45749 0.102646 0.309482
0.000114815 1.45752 0.102654 0.309511
0.00011749 1.45755 0.102662 0.309517
0.000120226 1.45757 0.10267 0.309523
0.000123027 1.4576 0.102679 0.309541
0.000125893 1.45763 0.102687 0.309547
0.000128825 1.45766 0.102696 0.309564
0.000131826 1.45769 0.102705 0.309546
0.000134896 1.45772 0.102714 0.309563
0.000138038 1.45775 0.102724 0.309592
0.000141254 1.45778 0.102733 0.309597
0.000144544 1.45781 0.102743 0.30959
0.000147911 1.45784 0.102754 0.309606
0.000151356 1.45788 0.102764 0.309646
0.000154882 1.45791 0.102775 0.309627
0.000158489 1.45795 0.102785 0.309666
0.000162181 1.45798 0.102797 0.30967
0.000165959 1.45802 0.102808 0.309674
0.000169824 1.45806 0.10282 0.30969
0.00017378 1.45809 0.102831 0.309705
0.000177828 1.45813 0.102844 0.30972
0.00018197 1.45817 0.102856 0.309735
0.000186209 1.45822 0.102869 0.309773
0.000190546 1.45826 0.102882 0.309787
0.000194984 1.4583 0.102895 0.309813
0.000199526 1.45834 0.102909 0.309815
0.000204174 1.45839 0.102923 0.309829
0.00020893 1.45844 0.102937 0.309831
0.000213796 1.45848 0.102952 0.309867
0.000218776 1.45853 0.102967 0.30988
0.000223872 1.45858 0.102982 0.309905
0.000229087 1.45863 0.102998 0.309929
0.000234423 1.45868 0.103014 0.309942
0.000239883 1.45874 0.10303 0.309954
0.000245471 1.45879 0.103047 0.309966
0.000251189 1.45885 0.103064 0.31
0.00025704 1.4589 0.103082 0.310012
0.000263027 1.45896 0.1031 0.310034
0.000269153 1.45902 0.103119 0.310057
0.000275423 1.45908 0.103137 0.310079
0.000281838 1.45914 0.103157 0.310112
0.000288403 1.45921 0.103176 0.310122
0.000295121 1.45927 0.103197 0.310143
0.000301995 1.45934 0.103217 0.310176
0.00030903 1.45941 0.103238 0.31022
0.000316228 1.45948 0.10326 0.310216
0.000323594 1.45955 0.103282 0.310283
0.000331131 1.45962 0.103305 0.310279
0.000338844 1.4597 0.103328 0.310322
0.000346737 1.45977 0.103352 0.310352
0.000354813 1.45985 0.103376 0.310359
0.000363078 1.45993 0.103401 0.310388
0.000371535 1.46001 0.103426 0.310429
0.000380189 1.4601 0.103452 0.310458
0.000389045 1.46018 0.103479 0.310498
0.000398107 1.46027 0.103506 0.310526
0.00040738 1.46036 0.103534 0.310565
0.000416869 1.46045 0.103562 0.310593
0.00042658 1.46054 0.103591 0.310631
0.000436516 1.46064 0.103621 0.310657
0.000446684 1.46074 0.103651 0.310706
0.000457088 1.46084 0.103683 0.310743
0.000467735 1.46094 0.103715 0.310768
0.00047863 1.46105 0.103747 0.310815
0.000489779 1.46115 0.103781 0.310851
0.000501187 1.46126 0.103815 0.310886
0.000512861 1.46138 0.10385 0.310932
0.000524807 1.46149 0.103886 0.310989
0.000537032 1.46161 0.103922 0.310998
0.000549541 1.46173 0.10396 0.311078
0.000562341 1.46185 0.103998 0.311133
0.00057544 1.46198 0.104037 0.311153
0.000588844 1.46211 0.104077 0.311195
0.00060256 1.46224 0.104118 0.311249
0.000616595 1.46237 0.10416 0.311313
0.000630957 1.46251 0.104203 0.311365
0.000645654 1.46265 0.104247 0.311405
0.000660693 1.4628 0.104292 0.311479
0.000676083 1.46294 0.104338 0.311505
0.000691831 1.46309 0.104385 0.311578
0.000707946 1.46325 0.104433 0.311626
0.000724436 1.46341 0.104482 0.311697
0.00074131 1.46357 0.104532 0.311756
0.000758578 1.46373 0.104584 0.311826
0.000776247 1.4639 0.104637 0.311871
0.000794328 1.46407 0.10469 0.31195
0.000812831 1.46425 0.104746 0.312017
0.000831764 1.46443 0.104802 0.312072
0.000851138 1.46462 0.10486 0.312148
0.000870964 1.46481 0.104919 0.312212
0.000891251 1.465 0.104979 0.312276
0.000912011 1.4652 0.105041 0.31235
0.000933254 1.4654 0.105104 0.312446
0.000954993 1.46561 0.105169 0.312518
0.000977237 1.46582 0.105235 0.3126
0.001 1.46603 0.105302 0.312658
0.00102329 1.46625 0.105371 0.312762
0.00104713 1.46648 0.105442 0.312829
0.00107152 1.46671 0.105514 0.312919
0.00109648 1.46695 0.105588 0.313008
0.00112202 1.46719 0.105664 0.313107
0.00114815 1.46744 0.105742 0.313182
0.0011749 1.46769 0.105821 0.313278
0.00120226 1.46795 0.105902 0.313373
0.00123027 1.46821 0.105985 0.313467
0.00125893 1.46848 0.106069 0.313572
0.00128825 1.46876 0.106156 0.313686
0.00131826 1.46904 0.106245 0.313776
0.00134896 1.46933 0.106335 0.313899
0.00138038 1.46963 0.106428 0.313998
0.00141254 1.46993 0.106523 0.314119
0.00144544 1.47024 0.10662 0.314237
0.00147911 1.47055 0.106719 0.314355
0.00151356 1.47088 0.106821 0.314482
0.00154882 1.47121 0.106924 0.314596
0.00158489 1.47154 0.10703 0.314732
0.00162181 1.47189 0.107139 0.314854
0.00165959 1.47224 0.10725 0.314986
0.00169824 1.4726 0.107363 0.315117
0.0017378 1.47297 0.10748 0.315245
0.00177828 1.47335 0.107598 0.315395
0.0018197 1.47373 0.10772 0.315543
0.00186209 1.47412 0.107844 0.315677
0.00190546 1.47453 0.107971 0.315822
0.00194984 1.47494 0.1081 0.315987
0.00199526 1.47536 0.108233 0.316138
0.00204174 1.47578 0.108369 0.316311
0.0020893 1.47622 0.108508 0.316458
0.00213796 1.47667 0.108649 0.316649
0.00218776 1.47713 0.108795 0.316815
0.00223872 1.4776 0.108943 0.317001
0.00229087 1.47808 0.109095 0.317151
0.00234423 1.47856 0.10925 0.317344
0.00239883 1.47906 0.109408 0.317523
0.00245471 1.47957 0.10957 0.317723
0.00251189 1.4801 0.109736 0.31792
0.0025704 1.48063 0.109905 0.318115
0.00263027 1.48117 0.110079 0.318318
0.00269153 1.48173 0.110256 0.318519
0.00275423 1.4823 0.110437 0.31874
0.00281838 1.48288 0.110622 0.318957
0.00288403 1.48347 0.110811 0.319172
0.00295121 1.48408 0.111004 0.319373
0.00301995 1.4847 0.111202 0.319627
0.0030903 1.48533 0.111404 0.319844
0.00316228 1.48597 0.111611 0.320104
0.00323594 1.48663 0.111822 0.320349
0.00331131 1.48731 0.112038 0.320613
0.00338844 1.48799 0.112258 0.320863
0.00346737 1.4887 0.112484 0.321132
0.00354813 1.48941 0.112714 0.321409
0.00363078 1.49015 0.11295 0.321682
0.00371535 1.49089 0.11319 0.321951
0.00380189 1.49166 0.113436 0.322228
0.00389045 1.49244 0.113688 0.322524
0.00398107 1.49323 0.113945 0.322816
0.0040738 1.49405 0.114207 0.323104
0.00416869 1.49488 0.114475 0.323433
0.0042658 1.49572 0.114749 0.323735
0.00436516 1.49659 0.11503 0.324055
0.00446684 1.49747 0.115316 0.324405
0.00457088 1.49837 0.115608 0.324717
0.00467735 1.49929 0.115907 0.325069
0.0047863 1.50023 0.116212 0.325428
0.00489779 1.50119 0.116524 0.325781
0.00501187 1.50217 0.116843 0.326142
0.00512861 1.50316 0.117169 0.32652
0.00524807 1.50418 0.117501 0.326892
0.00537032 1.50522 0.117841 0.327305
0.00549541 1.50628 0.118188 0.327679
0.00562341 1.50736 0.118543 0.328091
0.0057544 1.50847 0.118905 0.328488
0.00588844 1.50959 0.119275 0.328923
0.0060256 1.51074 0.119653 0.329363
0.00616595 1.51191 0.120039 0.329775
0.00630957 1.51311 0.120433 0.330238
0.00645654 1.51432 0.120836 0.330683
0.00660693 1.51557 0.121247 0.331165
0.00676083 1.51683 0.121667 0.331632
0.00691831 1.51813 0.122096 0.332123
0.00707946 1.51944 0.122533 0.332598
0.00724436 1.52079 0.122981 0.333099
0.0074131 1.52216 0.123437 0.333604
0.00758578 1.52355 0.123903 0.334158
0.00776247 1.52497 0.124379 0.334681
0.00794328 1.52643 0.124865 0.335209
0.00812831 1.5279 0.125361 0.335773
0.00831764 1.52941 0.125868 0.336341
0.00851138 1.53095 0.126385 0.336934
0.00870964 1.53251 0.126913 0.337517
0.00891251 1.53411 0.127452 0.338094
0.00912011 1.53573 0.128002 0.338707
0.00933254 1.53739 0.128563 0.339332
0.00954993 1.53908 0.129136 0.33998
0.00977237 1.5408 0.129721 0.340621
0.01 1.54255 0.130318 0.341252
0.0102329 1.54433 0.130927 0.341928
0.0104713 1.54615 0.131549 0.342607
0.0107152 1.548 0.132183 0.34333
0.0109648 1.54988 0.132831 0.343998
0.0112202 1.5518 0.133491 0.344734
0.0114815 1.55375 0.134165 0.34547
0.011749 1.55574 0.134853 0.346196
0.0120226 1.55776 0.135554 0.346976
0.0123027 1.55982 0.13627 0.347754
0.0125893 1.56192 0.137 0.348533
0.0128825 1.56405 0.137745 0.349334
0.0131826 1.56623 0.138505 0.350156
0.0134896 1.56844 0.13928 0.350985
0.0138038 1.57069 0.14007 0.351825
0.0141254 1.57298 0.140877 0.352707
0.0144544 1.57531 0.141699 0.353586
0.0147911 1.57767 0.142538 0.354441
0.0151356 1.58008 0.143393 0.35537
0.0154882 1.58254 0.144265 0.356283
0.0158489 1.58503 0.145155 0.357228
0.0162181 1.58756 0.146062 0.358198
0.0165959 1.59014 0.146986 0.359146
0.0169824 1.59276 0.147929 0.360141
0.017378 1.59543 0.14889 0.361136
0.0177828 1.59814 0.149871 0.362165
0.018197 1.60089 0.15087 0.363211
0.0186209 1.60369 0.151888 0.364265
0.0190546 1.60654 0.152926 0.365332
0.0194984 1.60943 0.153985 0.366433
0.0199526 1.61237 0.155063 0.367543
0.0204174 1.61536 0.156163 0.368685
0.020893 1.61839 0.157283 0.369821
0.0213796 1.62148 0.158425 0.370962
0.0218776 1.62461 0.159589 0.372167
0.0223872 1.62779 0.160775 0.373375
0.0229087 1.63102 0.161983 0.374605
0.0234423 1.6343 0.163215 0.375838
0.0239883 1.63763 0.164469 0.377081
0.0245471 1.64102 0.165747 0.378388
0.0251189 1.64445 0.16705 0.379675
0.025704 1.64794 0.168377 0.381001
0.0263027 1.65149 0.169728 0.38235
0.0269153 1.65508 0.171105 0.383697
0.0275423 1.65873 0.172508 0.385082
0.0281838 1.66243 0.173937 0.386477
0.0288403 1.66619 0.175392 0.387921
0.0295121 1.67001 0.176874 0.389363
0.0301995 1.67388 0.178384 0.3908
0.030903 1.6778 0.179922 0.392313
0.0316228 1.68179 0.181487 0.393827
0.0323594 1.68583 0.183082 0.395363
0.0331131 1.68993 0.184706 0.396925
0.0338844 1.69408 0.186359 0.398483
0.0346737 1.6983 0.188042 0.400092
0.0354813 1.70257 0.189757 0.401734
0.0363078 1.70691 0.191502 0.403381
0.0371535 1.71131 0.193279 0.405047
0.0380189 1.71576 0.195088 0.406719
0.0389045 1.72028 0.196929 0.408487
0.0398107 1.72486 0.198804 0.410207
0.040738 1.7295 0.200712 0.411991
0.0416869 1.73421 0.202655 0.413797
0.042658 1.73898 0.204632 0.415575
0.0436516 1.74381 0.206645 0.417437
0.0446684 1.7487 0.208693 0.419307
0.0457088 1.75366 0.210778 0.421205
0.0467735 1.75869 0.2129 0.423121
0.047863 1.76378 0.215059 0.425071
0.0489779 1.76894 0.217256 0.427013
0.0501187 1.77416 0.219493 0.429025
0.0512861 1.77946 0.221768 0.431068
0.0524807 1.78481 0.224083 0.433098
0.0537032 1.79024 0.226439 0.435173
0.0549541 1.79574 0.228837 0.437268
0.0562341 1.8013 0.231276 0.439415
0.057544 1.80693 0.233757 0.44158
0.0588844 1.81264 0.236282 0.443757
0.060256 1.81841 0.23885 0.445964
0.0616595 1.82425 0.241463 0.448214
0.0630957 1.83017 0.244121 0.450502
0.0645654 1.83616 0.246826 0.452797
0.0660693 1.84222 0.249576 0.455094
0.0676083 1.84835 0.252374 0.457469
0.0691831 1.85455 0.25522 0.459842
0.0707946 1.86083 0.258115 0.462267
0.0724436 1.86718 0.261059 0.464717
0.074131 1.87361 0.264054 0.467184
0.0758578 1.88011 0.2671 0.46969
0.0776247 1.88669 0.270197 0.472224
0.0794328 1.89334 0.273348 0.474785
0.0812831 1.90007 0.276552 0.477384
0.0831764 1.90688 0.27981 0.480021
0.0851138 1.91376 0.283123 0.482686
0.0870964 1.92072 0.286492 0.485349
0.0891251 1.92776 0.289919 0.48807
0.0912011 1.93488 0.293402 0.490843
0.0933254 1.94208 0.296945 0.493625
0.0954993 1.94935 0.300547 0.496437
0.0977237 1.95671 0.30421 0.499281
0.1 1.96415 0.307933 0.502174
0.102329 1.97167 0.31172 0.505064
0.104713 1.97927 0.315569 0.508004
0.107152 1.98695 0.319483 0.510991
0.109648 1.99471 0.323462 0.514014
0.112202 2.00256 0.327507 0.51705
0.114815 2.01049 0.33162 0.52013
0.11749 2.0185 0.335801 0.523227
0.120226 2.0266 0.340051 0.526402
0.123027 2.03479 0.344372 0.52958
0.125893 2.04305 0.348764 0.532795
0.128825 2.05141 0.353229 0.53604
0.131826 2.05985 0.357768 0.539307
0.134896 2.06838 0.362381 0.542659
0.138038 2.07699 0.36707 0.546013
0.141254 2.0857 0.371837 0.549434
0.144544 2.09449 0.376682 0.552806
0.147911 2.10337 0.381607 0.556309
0.151356 2.11234 0.386612 0.559794
0.154882 2.1214 0.3917 0.563343
0.158489 2.13055 0.396871 0.566897
0.162181 2.13979 0.402126 0.570552
0.165959 2.14912 0.407468 0.574176
0.169824 2.15854 0.412896 0.577875
0.17378 2.16806 0.418413 0.58159
0.177828 2.17767 0.424021 0.585348
0.18197 2.18737 0.429719 0.589167
0.186209 2.19717 0.435511 0.593028
0.190546 2.20706 0.441396 0.596871
0.194984 2.21705 0.447377 0.600782
0.199526 2.22714 0.453456 0.604778
0.204174 2.23732 0.459632 0.608757
0.20893 2.24759 0.465909 0.612796
0.213796 2.25797 0.472288 0.616887
0.218776 2.26844 0.47877 0.621023
0.223872 2.27901 0.485357 0.625166
0.229087 2.28968 0.49205 0.629365
0.234423 2.30045 0.498852 0.633602
0.239883 2.31132 0.505763 0.637907
0.245471 2.32229 0.512786 0.642221
0.251189 2.33337 0.519922 0.646608
0.25704 2.34454 0.527173 0.651018
0.263027 2.35582 0.53454 0.655475
0.269153 2.3672 0.542027 0.659973
0.275423 2.37869 0.549633 0.664513
0.281838 2.39028 0.557362 0.669128
0.288403 2.40198 0.565215 0.673759
0.295121 2.41378 0.573194 0.678417
0.301995 2.42569 0.581302 0.683128
0.30903 2.4377 0.589539 0.687933
0.316228 2.44983 0.597908 0.692735
0.323594 2.46206 0.606411 0.697533
0.331131 2.4744 0.615051 0.702479
0.338844 2.48685 0.623828 0.70741
0.346737 2.49942 0.632746 0.712393
0.354813 2.51209 0.641807 0.717423
0.363078 2.52488 0.651012 0.722511
0.371535 2.53777 0.660365 0.72767
0.380189 2.55079 0.669867 0.732837
0.389045 2.56391 0.67952 0.738066
0.398107 2.57715 0.689328 0.74337
0.40738 2.59051 0.699291 0.748657
0.416869 2.60398 0.709414 0.75409
0.42658 2.61757 0.719698 0.759484
0.436516 2.63128 0.730146 0.764957
0.446684 2.6451 0.74076 0.770451
0.457088 2.65905 0.751543 0.776044
0.467735 2.67311 0.762497 0.781664
0.47863 2.6873 0.773626 0.787382
0.489779 2.7016 0.784931 0.793094
0.501187 2.71603 0.796416 0.798923
0.512861 2.73058 0.808084 0.804689
0.524807 2.74526 0.819936 0.810606
0.537032 2.76006 0.831977 0.816546
0.549541 2.77498 0.844209 0.822526
0.562341 2.79004 0.856635 0.828593
0.57544 2.80522 0.869259 0.834633
0.588844 2.82052 0.882082 0.840853
0.60256 2.83596 0.895108 0.847038
0.616595 2.85152 0.908341 0.853333
0.630957 2.86722 0.921784 0.859612
0.645654 2.88305 0.935439 0.865994
0.660693 2.89901 0.949311 0.872411
0.676083 2.9151 0.963402 0.87888
0.691831 2.93132 0.977716 0.885462
0.707946 2.94768 0.992257 0.892023
0.724436 2.96418 1.00703 0.898773
0.74131 2.98081 1.02203 0.905448
0.758578 2.99758 1.03727 0.912204
0.776247 3.01449 1.05275 0.919046
0.794328 3.03154 1.06848 0.925922
0.812831 3.04873 1.08446 0.932895
0.831764 3.06606 1.10068 0.939914
0.851138 3.08353 1.11717 0.947032
0.870964 3.10114 1.13391 0.95411
0.891251 3.1189 1.15092 0.961416
0.912011 3.1368 1.1682 0.968605
0.933254 3.15485 1.18574 0.97592
0.954993 3.17305 1.20357 0.983338
0.977237 3.1914 1.22168 0.990772
1 3.20989 1.24007 0.9983
1.02329 3.22853 1.25875 1.00586
1.04713 3.24733 1.27773 1.01355
1.07152 3.26627 1.297 1.02124
1.09648 3.28537 1.31658 1.02905
1.12202 3.30463 1.33647 1.03688
1.14815 3.32403 1.35667 1.04478
1.1749 3.3436 1.37719 1.05275
1.20226 3.36332 1.39803 1.06081
1.23027 3.3832 1.41921 1.06893
1.25893 3.40324 1.44071 1.07709
1.28825 3.42344 1.46255 1.08533
1.31826 3.44381 1.48474 1.09371
1.34896 3.46433 1.50727 1.10205
1.38038 3.48502 1.53016 1.11056
1.41254 3.50588 1.55341 1.11904
1.44544 3.5269 1.57702 1.1277
1.47911 3.54809 1.60101 1.13635
1.51356 3.56945 1.62537 1.14512
1.54882 3.59097 1.65012 1.15394
1.58489 3.61267 1.67525 1.16283
1.62181 3.63454 1.70078 1.17182
1.65959 3.65658 1.72672 1.18087
1.69824 3.6788 1.75305 1.18999
1.7378 3.7012 1.77981 1.19925
1.77828 3.72377 1.80698 1.20843
1.8197 3.74652 1.83458 1.21784
1.86209 3.76945 1.86261 1.22724
1.90546 3.79256 1.89108 1.2368
1.94984 3.81585 1.92 1.24642
1.99526 3.83932 1.94938 1.25603
2.04174 3.86298 1.97921 1.26577
2.0893 3.88683 2.00951 1.2757
2.13796 3.91086 2.04029 1.28556
2.18776 3.93509 2.07155 1.29561
2.23872 3.9595 2.10331 1.30567
2.29087 3.9841 2.13556 1.3158
2.34423 4.0089 2.16831 1.32611
2.39883 4.03389 2.20158 1.33643
2.45471 4.05908 2.23537 1.34678
2.51189 4.08446 2.26969 1.35732
2.5704 4.11005 2.30455 1.36789
2.63027 4.13583 2.33996 1.37867
2.69153 4.16181 2.37592 1.3894
2.75423 4.188 2.41244 1.40025
2.81838 4.21439 2.44954 1.41112
2.88403 4.24098 2.48722 1.42215
2.95121 4.26779 2.52549 1.43339
3.01995 4.2948 2.56436 1.44464
3.0903 4.32202 2.60384 1.45589
3.16228 4.34946 2.64393 1.46719
3.23594 4.3771 2.68466 1.47886
3.31131 4.40496 2.72602 1.49036
3.38844 4.43304 2.76803 1.50196
3.46737 4.46134 2.8107 1.5139
3.54813 4.48985 2.85403 1.5257
3.63078 4.51859 2.89805 1.53767
3.71535 4.54755 2.94275 1.54969
3.80189 4.57673 2.98816 1.56197
3.89045 4.60614 3.03427 1.57419
3.98107 4.63578 3.08111 1.58652
4.0738 4.66565 3.12868 1.59903
4.16869 4.69574 3.17699 1.61158
4.2658 4.72607 3.22607 1.62427
4.36516 4.75664 3.27591 1.63705
4.46684 4.78744 3.32652 1.64991
4.57088 4.81848 3.37794 1.66286
4.67735 4.84975 3.43015 1.67592
4.7863 4.88127 3.48318 1.6892
4.89779 4.91304 3.53705 1.70252
5.01187 4.94504 3.59175 1.71589
5.12861 4.9773 3.64731 1.72942
5.24807 5.0098 3.70374 1.74299
5.37032 5.04255 3.76106 1.7566
5.49541 5.07556 3.81927 1.77064
5.62341 5.10881 3.87838 1.78461
5.7544 5.14233 3.93843 1.79859
5.88844 5.1761 3.99941 1.81294
6.0256 5.21013 4.06135 1.82718
6.16595 5.24443 4.12425 1.84156
6.30957 5.27898 4.18814 1.85597
6.45654 5.3138 4.25303 1.87072
6.60693 5.34889 4.31893 1.88553
6.76083 5.38425 4.38586 1.90037
6.91831 5.41988 4.45384 1.91537
7.07946 5.45579 4.52288 1.93059
7.24436 5.49197 4.593 1.94579
7.4131 5.52842 4.66422 1.96108
7.58578 5.56516 4.73655 1.97658
7.76247 5.60218 4.81 1.99229
7.94328 5.63948 4.88461 2.00787
8.12831 5.67707 4.96038 2.02391
8.31764 5.71494 5.03734 2.03985
8.51138 5.75311 5.1155 2.05594
8.70964 5.79157 5.19488 2.07222
8.91251 5.83032 5.2755 2.08858
9.12011 5.86937 5.35738 2.10503
9.33254 5.90872 5.44054 2.12166
9.54993 5.94836 5.525 2.13849
9.77237 5.98832 5.61077 2.15537
10 6.02857 5.69789 2.17245
10.2329 6.06914 5.78637 2.18966
10.4713 6.11002 5.87623 2.20701
10.7152 6.1512 5.96749 2.22462
10.9648 6.19271 6.06017 2.24196
11.2202 6.23453 6.15431 2.25983
11.4815 6.27667 6.24991 2.27764
11.749 6.31913 6.34701 2.29565
12.0226 6.36191 6.44562 2.31388
12.3027 6.40503 6.54578 2.33237
12.5893 6.44847 6.64749 2.35071
12.8825 6.49224 6.7508 2.36932
13.1826 6.53635 6.85571 2.38794
13.4896 6.58079 6.96227 2.40687
13.8038 6.62558 7.07048 2.42592
14.1254 6.6707 7.18039 2.4452
14.4544 6.71617 7.29201 2.46452
14.7911 6.76199 7.40538 2.484
15.1356 6.80816 7.52051 2.50362
15.4882 6.85467 7.63744 2.52363
15.8489 6.90155 7.75619 2.54368
16.2181 6.94878 7.8768 2.56359
16.5959 6.99637 7.99929 2.58399
16.9824 7.04432 8.12369 2.6044
17.378 7.09264 8.25003 2.625
17.7828 7.14132 8.37834 2.64583
18.197 7.19038 8.50865 2.66688
18.6209 7.23981 8.641 2.68785
19.0546 7.28962 8.77541 2.70913
19.4984 7.33981 8.91192 2.73072
19.9526 7.39038 9.05056 2.75231
20.4174 7.44133 9.19136 2.77402
20.893 7.49268 9.33435 2.79608
21.3796 7.54441 9.47958 2.81832
21.8776 7.59654 9.62707 2.84063
22.3872 7.64907 9.77686 2.86312
22.9087 7.70199 9.92899 2.88573
23.4423 7.75532 10.0835 2.90854
23.9883 7.80905 10.2404 2.93143
24.5471 7.8632 10.3997 2.95472
25.1189 7.91775 10.5616 2.97823
25.704 7.97272 10.726 3.002
26.3027 8.02811 10.8929 3.02549
26.9153 8.08393 11.0624 3.04948
27.5423 8.14016 11.2346 3.07371
28.1838 8.19683 11.4094 3.09826
28.8403 8.25392 11.587 3.12248
29.5121 8.31145 11.7674 3.14715
30.1995 8.36942 11.9505 3.17226
30.903 8.42783 12.1365 3.19729
31.6228 8.48668 12.3255 3.22247
32.3594 8.54598 12.5173 3.24811
33.1131 8.60573 12.7122 3.27393
33.8844 8.66594 12.9101 3.29973
34.6737 8.7266 13.111 3.32576
35.4813 8.78773 13.3151 3.35215
36.3078 8.84932 13.5224 3.37865
37.1535 8.91138 13.7329 3.40545
38.0189 8.97391 13.9467 3.43253
38.9045 9.03692 14.1638 3.45955
39.8107 9.10041 14.3843 3.48685
40.738 9.16437 14.6083 3.51481
41.6869 9.22883 14.8357 3.54232
42.658 9.29378 15.0667 3.57049
43.6516 9.35922 15.3013 3.59878
44.6684 9.42516 15.5395 3.62712
45.7088 9.49159 15.7814 3.65577
46.7735 9.55854 16.0271 3.68494
47.863 9.62599 16.2767 3.71408
48.9779 9.69396 16.5301 3.74305
50.1187 9.76244 16.7875 3.77313
51.2861 9.83145 17.0489 3.80267
52.4807 9.90098 17.3143 3.83278
53.7032 9.97103 17.5839 3.86314
54.9541 10.0416 17.8577 3.89365
56.2341 10.1128 18.1357 3.92449
57.544 10.1844 18.4181 3.9555
58.8844 10.2566 18.7049 3.98694
60.256 10.3294 18.9961 4.01843
61.6595 10.4027 19.2919 4.05014
63.0957 10.4766 19.5923 4.08213
64.5654 10.551 19.8973 4.11436
66.0693 10.626 20.2071 4.14713
67.6083 10.7016 20.5218 4.17965
69.1831 10.7777 20.8413 4.21293
70.7946 10.8545 21.1658 4.24592
72.4436 10.9318 21.4954 4.27965
74.131 11.0097 21.8301 4.31346
75.8578 11.0882 22.17 4.34742
77.6247 11.1672 22.5151 4.38177
79.4328 11.2469 22.8657 4.41656
81.2831 11.3272 23.2217 4.45152
83.1764 11.4081 23.5833 4.48662
85.1138 11.4897 23.9505 4.52205
87.0964 11.5718 24.3234 4.5578
89.1251 11.6545 24.7021 4.5939
91.2011 11.7379 25.0867 4.63006
93.3254 11.822 25.4773 4.667
95.4993 11.9066 25.874 4.70381
97.7237 11.9919 26.2768 4.74071
100 12.0779 26.6859 4.77802
102.329 12.1645 27.1014 4.8158
104.713 12.2518 27.5233 4.85409
107.152 12.3397 27.9519 4.89205
109.648 12.4283 28.387 4.93113
112.202 12.5176 28.829 4.96968
114.815 12.6076 29.2778 5.00905
117.49 12.6982 29.7336 5.04872
120.226 12.7895 30.1965 5.08855
123.027 12.8816 30.6666 5.12848
125.893 12.9743 31.1441 5.16923
128.825 13.0677 31.6289 5.21008
131.826 13.1619 32.1213 5.25113
134.896 13.2567 32.6213 5.29217
138.038 13.3523 33.1292 5.33414
141.254 13.4486 33.6449 5.376
144.544 13.5456 34.1687 5.41901
147.911 13.6434 34.7006 5.46138
151.356 13.7419 35.2407 5.50425
154.882 13.8412 35.7893 5.54778
158.489 13.9412 36.3464 5.59141
162.181 14.042 36.9122 5.63571
165.959 14.1436 37.4868 5.68014
169.824 14.2459 38.0703 5.72452
173.78 14.349 38.6628 5.76983
177.828 14.4529 39.2646 5.81514
181.97 14.5576 39.8758 5.86121
186.209 14.663 40.4965 5.9077
190.546 14.7693 41.1268 5.95371
194.984 14.8764 41.7669 6.00085
199.526 14.9843 42.417 6.04866
204.174 15.093 43.0772 6.09616
208.93 15.2026 43.7476 6.14362
213.796 15.313 44.4285 6.19246
218.776 15.4242 45.1199 6.24131
223.872 15.5363 45.8222 6.29008
229.087 15.6492 46.5353 6.33957
234.423 15.763 47.2595 6.38951
239.883 15.8776 47.995 6.43994
245.471 15.9931 48.7419 6.49129
251.189 16.1095 49.5004 6.54148
257.04 16.2268 50.2707 6.59329
263.027 16.345 51.053 6.64525
269.153 16.4641 51.8475 6.69762
275.423 16.5841 52.6543 6.75035
281.838 16.705 53.4736 6.80363
288.403 16.8268 54.3057 6.85714
295.121 16.9496 55.1507 6.91104
301.995 17.0732 56.0089 6.96542
309.03 17.1979 56.8803 7.02063
316.228 17.3234 57.7654 7.07595
323.594 17.45 58.6642 7.13109
331.131 17.5775 59.5769 7.18755
338.844 17.7059 60.5039 7.24367
346.737 17.8354 61.4452 7.30065
354.813 17.9658 62.4012 7.35855
363.078 18.0972 63.3721 7.41609
371.535 18.2297 64.358 7.47426
380.189 18.3631 65.3592 7.53325
389.045 18.4975 66.376 7.59247
398.107 18.633 67.4086 7.6516
407.38 18.7695 68.4573 7.71186
416.869 18.9071 69.5222 7.7731
426.58 19.0457 70.6037 7.8343
436.516 19.1853 71.7021 7.89537
446.684 19.326 72.8174 7.95724
457.088 19.4678 73.9501 8.01988
467.735 19.6107 75.1004 8.08334
478.63 19.7546 76.2686 8.14638
489.779 19.8997 77.4549 8.21039
501.187 20.0458 78.6597 8.27492
512.861 20.1931 79.8832 8.34041
524.807 20.3415 81.1256 8.40548
537.032 20.491 82.3874 8.47198
549.541 20.6417 83.6688 8.538
562.341 20.7935 84.9701 8.60542
575.44 20.9465 86.2916 8.673
588.844 21.1006 87.6336 8.74078
602.56 21.2559 88.9965 8.80969
616.595 21.4124 90.3806 8.87894
630.957 21.5701 91.7861 8.94883
645.654 21.729 93.2135 9.01871
660.693 21.8891 94.6631 9.08975
676.083 22.0504 96.1352 9.16099
691.831 22.2129 97.6301 9.23259
707.946 22.3767 99.1483 9.30536
724.436 22.5418 100.69 9.37835
741.31 22.7081 102.256 9.45187
758.578 22.8756 103.846 9.52623
776.247 23.0444 105.46 9.60095
794.328 23.2146 107.1 9.67618
812.831 23.386 108.765 9.75219
831.764 23.5587 110.456 9.82966
851.138 23.7328 112.174 9.90533
870.964 23.9082 113.918 9.98353
891.251 24.0849 115.689 10.0613
912.011 24.2629 117.488 10.1405
933.254 24.4424 119.314 10.2197
954.993 24.6232 121.169 10.2998
977.237 24.8053 123.053 10.3813
1000 24.9889 124.966 10.462
1023.29 25.1738 126.908 10.5441
1047.13 25.3602 128.881 10.6267
1071.52 25.548 130.885 10.7106
1096.48 25.7372 132.919 10.7945
1122.02 25.9279 134.985 10.8789
1148.15 26.12 137.084 10.9641
1174.9 26.3136 139.214 11.0497
1202.26 26.5087 141.378 11.1368
1230.27 26.7052 143.576 11.2234
1258.93 26.9033 145.807 11.3119
1288.25 27.1029 148.074 11.4001
1318.26 27.304 150.375 11.4894
1348.96 27.5066 152.712 11.5797
1380.38 27.7107 155.086 11.6693
1412.54 27.9165 157.496 11.7617
1445.44 28.1238 159.944 11.8543
1479.11 28.3327 162.43 11.9462
1513.56 28.5431 164.954 12.0399
1548.82 28.7552 167.517 12.1344
1584.89 28.9689 170.12 12.23
1621.81 29.1843 172.764 12.3245
1659.59 29.4012 175.449 12.422
1698.24 29.6199 178.175 12.5185
1737.8 29.8402 180.944 12.6169
1778.28 30.0622 183.756 12.7153
1819.7 30.2858 186.611 12.8151
1862.09 30.5112 189.511 12.9153
1905.46 30.7383 192.455 13.0161
1949.84 30.9672 195.445 13.1186
1995.26 31.1978 198.482 13.2205
2041.74 31.4301 201.566 13.3243
2089.3 31.6642 204.698 13.4283
2137.96 31.9002 207.878 13.5332
2187.76 32.1379 211.108 13.6389
2238.72 32.3774 214.388 13.7462
2290.87 32.6188 217.718 13.8539
2344.23 32.862 221.101 13.9619
2398.83 33.107 224.536 14.0707
2454.71 33.354 228.024 14.1817
2511.89 33.6028 231.566 14.2905
2570.4 33.8535 235.163 14.4038
2630.27 34.1062 238.817 14.5156
2691.53 34.3607 242.526 14.6292
2754.23 34.6173 246.294 14.7439
2818.38 34.8757 250.12 14.8594
2884.03 35.1362 254.005 14.9743
2951.21 35.3986 257.95 15.0922
3019.95 35.6631 261.957 15.2103
3090.3 35.9295 266.025 15.3295
3162.28 36.198 270.157 15.4494
3235.94 36.4686 274.353 15.5705
3311.31 36.7412 278.615 15.6912
3388.44 37.0159 282.942 15.8135
3467.37 37.2927 287.336 15.938
3548.13 37.5716 291.799 16.062
3630.78 37.8527 296.331 16.187
3715.35 38.1359 300.933 16.3138
3801.89 38.4212 305.606 16.4404
3890.45 38.7088 310.352 16.5695
3981.07 38.9985 315.172 16.6979
4073.8 39.2905 320.066 16.8299
4168.69 39.5847 325.037 16.9606
4265.8 39.8811 330.084 17.0934
4365.16 40.1798 335.21 17.2272
4466.84 40.4808 340.415 17.3608
4570.88 40.7841 345.701 17.4977
4677.35 41.0897 351.069 17.6324
4786.3 41.3977 356.52 17.7706
4897.79 41.708 362.056 17.9094
5011.87 42.0207 367.678 18.0494
5128.61 42.3357 373.387 18.1898
5248.07 42.6532 379.184 18.3321
5370.32 42.9731 385.071 18.4752
5495.41 43.2955 391.05 18.6196
5623.41 43.6203 397.121 18.7635
5754.4 43.9476 403.287 18.9104
5888.44 44.2774 409.548 19.059
6025.6 44.6097 415.906 19.2072
6165.95 44.9446 422.363 19.357
6309.57 45.282 428.92 19.5082
6456.54 45.622 435.579 19.6595
6606.93 45.9647 442.341 19.8136
6760.83 46.3099 449.208 19.9677
6918.31 46.6578 456.181 20.1228
7079.46 47.0083 463.263 20.2804
7244.36 47.3615 470.454 20.4378
7413.1 47.7174 477.757 20.5986
7585.78 48.0761 485.173 20.7576
7762.47 48.4375 492.704 20.92
7943.28 48.8016 500.352 21.0831
8128.31 49.1686 508.118 21.2471
8317.64 49.5383 516.005 21.4133
8511.38 49.9109 524.014 21.58
8709.64 50.2863 532.148 21.7473
8912.51 50.6646 540.407 21.9166
9120.11 51.0458 548.795 22.089
9332.54 51.43 557.312 22.2603
9549.93 51.817 565.962 22.434
9772.37 52.207 574.746 22.6087
10000 52.6 583.666 22.7847
