Pressure (Mbar) | Density (g cm^-3) | dP/dRho (Mbar g^-1 cm^3) | d^2P/dRho^2 (Mbar g^-2 cm^6)

1.000000e-05 7.934528e-05 0.124465 0.048488
1.023293e-05 8.088671e-05 0.124870 0.048488
1.047129e-05 8.245760e-05 0.125319 0.053728
1.071519e-05 8.405966e-05 0.125768 0.053773
1.096478e-05 8.569353e-05 0.126113 0.041231
1.122018e-05 8.735947e-05 0.126665 0.065979
1.148154e-05 8.905681e-05 0.127128 0.055464
1.174898e-05 9.078732e-05 0.127593 0.055604
1.202264e-05 9.255165e-05 0.127983 0.046671
1.230269e-05 9.435044e-05 0.128412 0.051288
1.258925e-05 9.618434e-05 0.128924 0.061299
1.288250e-05 9.805506e-05 0.129375 0.053921
1.318257e-05 9.996292e-05 0.129827 0.053968
1.348963e-05 1.019087e-04 0.130242 0.049517
1.380384e-05 1.038948e-04 0.130786 0.064919
1.412538e-05 1.059178e-04 0.131259 0.056505
1.445440e-05 1.079800e-04 0.131734 0.056735
1.479108e-05 1.100821e-04 0.132155 0.050248
1.513561e-05 1.122226e-04 0.132655 0.059835
1.548817e-05 1.144067e-04 0.133117 0.055156
1.584893e-05 1.166347e-04 0.133579 0.055141
1.621810e-05 1.189072e-04 0.133979 0.047718
1.659587e-05 1.212267e-04 0.134515 0.063956
1.698244e-05 1.235901e-04 0.134999 0.057668
1.737801e-05 1.259992e-04 0.135485 0.057927
1.778279e-05 1.284549e-04 0.135915 0.051404
1.819701e-05 1.309579e-04 0.136396 0.057310
1.862087e-05 1.335099e-04 0.136868 0.056341
1.905461e-05 1.361119e-04 0.137341 0.056472
1.949845e-05 1.387651e-04 0.137791 0.053637
1.995262e-05 1.414703e-04 0.138307 0.061580
2.041738e-05 1.442275e-04 0.138796 0.058249
2.089296e-05 1.470392e-04 0.139285 0.058347
2.137962e-05 1.499065e-04 0.139757 0.056243
2.187762e-05 1.528305e-04 0.140252 0.058979
2.238721e-05 1.558109e-04 0.140731 0.057187
2.290868e-05 1.588496e-04 0.141142 0.048955
2.344229e-05 1.619475e-04 0.141551 0.048799
2.398833e-05 1.651058e-04 0.141956 0.048241
2.454709e-05 1.683265e-04 0.142382 0.050750
2.511886e-05 1.716095e-04 0.142878 0.059163
2.570396e-05 1.749566e-04 0.143375 0.059244
2.630268e-05 1.783690e-04 0.143858 0.057557
2.691535e-05 1.818485e-04 0.144341 0.057554
2.754229e-05 1.853936e-04 0.144834 0.058808
2.818383e-05 1.890074e-04 0.145329 0.059064
2.884032e-05 1.926911e-04 0.145833 0.060066
2.951209e-05 1.964480e-04 0.146356 0.062409
3.019952e-05 2.002756e-04 0.146869 0.061242
3.090295e-05 2.041770e-04 0.147385 0.061522
3.162278e-05 2.081536e-04 0.147894 0.060838
3.235937e-05 2.122084e-04 0.148391 0.059328
3.311311e-05 2.163435e-04 0.148901 0.060810
3.388442e-05 2.205602e-04 0.149412 0.060950
3.467369e-05 2.248599e-04 0.149913 0.059742
3.548134e-05 2.292501e-04 0.150424 0.060821
3.630781e-05 2.337156e-04 0.150944 0.062049
3.715352e-05 2.382666e-04 0.151466 0.062390
3.801894e-05 2.429046e-04 0.151992 0.062863
3.890451e-05 2.476312e-04 0.152545 0.065980
3.981072e-05 2.524536e-04 0.153086 0.064632
4.073803e-05 2.573673e-04 0.153628 0.064788
4.168694e-05 2.623765e-04 0.154173 0.065035
4.265795e-05 2.674831e-04 0.154698 0.062762
4.365158e-05 2.726936e-04 0.155209 0.060910
4.466836e-05 2.780012e-04 0.155750 0.064638
4.570882e-05 2.834122e-04 0.156293 0.064873
4.677351e-05 2.889287e-04 0.156862 0.068005
4.786301e-05 2.945591e-04 0.157405 0.064757
4.897788e-05 3.002855e-04 0.157970 0.067528
5.011872e-05 3.061207e-04 0.158537 0.067935
5.128614e-05 3.120669e-04 0.159142 0.072319
5.248075e-05 3.181317e-04 0.159622 0.057473
5.370318e-05 3.243112e-04 0.160173 0.065963
5.495409e-05 3.306110e-04 0.160726 0.066198
5.623413e-05 3.370334e-04 0.161305 0.069284
5.754399e-05 3.435926e-04 0.161866 0.067046
5.888437e-05 3.502651e-04 0.162452 0.070066
6.025596e-05 3.570667e-04 0.163039 0.070361
6.165950e-05 3.639998e-04 0.163663 0.074640
6.309573e-05 3.710671e-04 0.164203 0.064642
6.456542e-05 3.782842e-04 0.164725 0.062469
6.606934e-05 3.856234e-04 0.165300 0.068894
6.760830e-05 3.931025e-04 0.165878 0.069275
6.918310e-05 4.007241e-04 0.166509 0.075673
7.079458e-05 4.085023e-04 0.167060 0.065981
7.244360e-05 4.164190e-04 0.167660 0.071918
7.413102e-05 4.244873e-04 0.168262 0.072276
7.585776e-05 4.327103e-04 0.168894 0.075835
7.762471e-05 4.411040e-04 0.169488 0.071261
7.943282e-05 4.496467e-04 0.170112 0.074880
8.128305e-05 4.583541e-04 0.170739 0.075204
8.317638e-05 4.672293e-04 0.171398 0.079118
8.511380e-05 4.762883e-04 0.171897 0.059883
8.709636e-05 4.854995e-04 0.172510 0.073709
8.912509e-05 4.948853e-04 0.173127 0.074152
9.120108e-05 5.044492e-04 0.173793 0.080137
9.332543e-05 5.142127e-04 0.174374 0.069799
9.549926e-05 5.241479e-04 0.175013 0.076852
9.772372e-05 5.342727e-04 0.175655 0.077250
1.000000e-04 5.445908e-04 0.176366 0.085595
1.023293e-04 5.551059e-04 0.176989 0.075070
1.047129e-04 5.658359e-04 0.177568 0.069666
1.071519e-04 5.767524e-04 0.178225 0.079078
1.096478e-04 5.878768e-04 0.178884 0.079491
1.122018e-04 5.992132e-04 0.179568 0.082420
1.148154e-04 6.107823e-04 0.180149 0.069988
1.174898e-04 6.225522e-04 0.180821 0.081035
1.202264e-04 6.345459e-04 0.181496 0.081469
1.230269e-04 6.467678e-04 0.182286 0.095352
1.258925e-04 6.592430e-04 0.182865 0.069784
1.288250e-04 6.719339e-04 0.183565 0.084491
1.318257e-04 6.848653e-04 0.184268 0.084978
1.348963e-04 6.980417e-04 0.185068 0.096629
1.380384e-04 7.114799e-04 0.185576 0.061394
1.412538e-04 7.251509e-04 0.186267 0.083552
1.445440e-04 7.390816e-04 0.186961 0.083992
1.479108e-04 7.532769e-04 0.187781 0.099228
1.513561e-04 7.677657e-04 0.188362 0.070163
1.548817e-04 7.825070e-04 0.189080 0.086979
1.584893e-04 7.975248e-04 0.189803 0.087549
1.621810e-04 8.128240e-04 0.190645 0.102073
1.659587e-04 8.284099e-04 0.191302 0.079600
1.698244e-04 8.443042e-04 0.191920 0.074970
1.737801e-04 8.604850e-04 0.192661 0.089827
1.778279e-04 8.769716e-04 0.193406 0.090338
1.819701e-04 8.937697e-04 0.194258 0.103477
1.862087e-04 9.108929e-04 0.194878 0.075250
1.905461e-04 9.283243e-04 0.195637 0.092125
1.949845e-04 9.460813e-04 0.196400 0.092734
1.995262e-04 9.641700e-04 0.197245 0.102775
2.041738e-04 9.826086e-04 0.197868 0.075650
2.089296e-04 1.001396e-03 0.198628 0.092456
2.137962e-04 1.020538e-03 0.199392 0.092944
2.187762e-04 1.040042e-03 0.200243 0.103463
2.238721e-04 1.059918e-03 0.200943 0.085094
2.290868e-04 1.080143e-03 0.201738 0.096865
2.344229e-04 1.100744e-03 0.202538 0.097488
2.398833e-04 1.121728e-03 0.203342 0.098106
2.454709e-04 1.143103e-03 0.204153 0.098829
2.511886e-04 1.164874e-03 0.204938 0.095863
2.570396e-04 1.187055e-03 0.205733 0.097039
2.630268e-04 1.209627e-03 0.206573 0.102727
2.691535e-04 1.232616e-03 0.207408 0.102109
2.754229e-04 1.256041e-03 0.208242 0.101973
2.818383e-04 1.279902e-03 0.209074 0.101845
2.884032e-04 1.304207e-03 0.209911 0.102434
2.951209e-04 1.328965e-03 0.210768 0.104892
3.019952e-04 1.354202e-03 0.211579 0.099306
3.090295e-04 1.379879e-03 0.212432 0.104612
3.162278e-04 1.406028e-03 0.213291 0.105329
3.235937e-04 1.432657e-03 0.214203 0.111929
3.311311e-04 1.459775e-03 0.215102 0.110397
3.388442e-04 1.487412e-03 0.215927 0.101227
3.467369e-04 1.515514e-03 0.216828 0.110825
3.548134e-04 1.544125e-03 0.217735 0.111733
3.630781e-04 1.573252e-03 0.218754 0.125551
3.715352e-04 1.602956e-03 0.219559 0.099056
3.801894e-04 1.633183e-03 0.220502 0.116239
3.890451e-04 1.663966e-03 0.221451 0.117063
3.981072e-04 1.695314e-03 0.222620 0.144224
4.073803e-04 1.727250e-03 0.223228 0.074918
4.168694e-04 1.759747e-03 0.224164 0.115716
4.265795e-04 1.792836e-03 0.225108 0.116675
4.365158e-04 1.826527e-03 0.226338 0.152043
4.466836e-04 1.860832e-03 0.227307 0.119920
4.570882e-04 1.895803e-03 0.227977 0.082918
4.677351e-04 1.931356e-03 0.228965 0.122413
4.786301e-04 1.967552e-03 0.229960 0.123432
4.897788e-04 2.004403e-03 0.231340 0.171268
5.011872e-04 2.041972e-03 0.231904 0.069875
5.128614e-04 2.080175e-03 0.232921 0.126292
5.248075e-04 2.119061e-03 0.233946 0.127481
5.370318e-04 2.158643e-03 0.235423 0.183719
5.495409e-04 2.198914e-03 0.235927 0.062824
5.623413e-04 2.239965e-03 0.236973 0.130277
5.754399e-04 2.281763e-03 0.238028 0.131346
5.888437e-04 2.324324e-03 0.239686 0.206622
6.025596e-04 2.367659e-03 0.240712 0.127832
6.165950e-04 2.411744e-03 0.241174 0.057697
6.309573e-04 2.456616e-03 0.242242 0.133363
6.456542e-04 2.502287e-03 0.243319 0.134611
6.606934e-04 2.548772e-03 0.244960 0.205331
6.760830e-04 2.596095e-03 0.245527 0.070893
6.918310e-04 2.644300e-03 0.246642 0.139575
7.079458e-04 2.693371e-03 0.247766 0.140747
7.244360e-04 2.743321e-03 0.249395 0.204206
7.413102e-04 2.794113e-03 0.250017 0.078020
7.585776e-04 2.845847e-03 0.251167 0.144335
7.762471e-04 2.898514e-03 0.252325 0.145408
7.943282e-04 2.952131e-03 0.253945 0.203545
8.128305e-04 3.006713e-03 0.255148 0.151127
8.317638e-04 3.062300e-03 0.255917 0.096755
8.511380e-04 3.118852e-03 0.257088 0.147269
8.709636e-04 3.176404e-03 0.258267 0.148452
8.912509e-04 3.234973e-03 0.259765 0.188779
9.120108e-04 3.294566e-03 0.260799 0.130430
9.332543e-04 3.355234e-03 0.262022 0.154357
9.549926e-04 3.416979e-03 0.263253 0.155472
9.772372e-04 3.479819e-03 0.264641 0.175307
1.000000e-03 3.543772e-03 0.265997 0.171540
1.023293e-03 3.608809e-03 0.267159 0.147105
1.047129e-03 3.675011e-03 0.268408 0.158208
1.071519e-03 3.742396e-03 0.269664 0.159191
1.096478e-03 3.810984e-03 0.271105 0.182696
1.122018e-03 3.880736e-03 0.272501 0.177216
1.148154e-03 3.951616e-03 0.273811 0.166589
1.174898e-03 4.023716e-03 0.275227 0.180401
1.202264e-03 4.096914e-03 0.276588 0.173800
1.230269e-03 4.171348e-03 0.277931 0.171714
1.258925e-03 4.247124e-03 0.279355 0.182191
1.288250e-03 4.324211e-03 0.280791 0.183786
1.318257e-03 4.402629e-03 0.282238 0.185336
1.348963e-03 4.482400e-03 0.283887 0.211488
1.380384e-03 4.563526e-03 0.285056 0.150032
1.412538e-03 4.646030e-03 0.286542 0.190979
1.445440e-03 4.729938e-03 0.288042 0.193027
1.479108e-03 4.815273e-03 0.290074 0.261696
1.513561e-03 4.901996e-03 0.290924 0.109626
1.548817e-03 4.990270e-03 0.292464 0.198651
1.584893e-03 5.080043e-03 0.294020 0.201000
1.621810e-03 5.171338e-03 0.295589 0.202800
1.659587e-03 5.264177e-03 0.298076 0.321779
1.698244e-03 5.358402e-03 0.298614 0.069858
1.737801e-03 5.454398e-03 0.300224 0.208809
1.778279e-03 5.552000e-03 0.301853 0.211508
1.819701e-03 5.651232e-03 0.304764 0.378347
1.862087e-03 5.752120e-03 0.306331 0.203836
1.905461e-03 5.854452e-03 0.306665 0.043617
1.949845e-03 5.958919e-03 0.308323 0.215940
1.995262e-03 6.065176e-03 0.310000 0.218391
2.041738e-03 6.173251e-03 0.313061 0.399052
2.089296e-03 6.282812e-03 0.313353 0.038250
2.137962e-03 6.394552e-03 0.315094 0.227394
2.187762e-03 6.508157e-03 0.316854 0.230183
2.238721e-03 6.623655e-03 0.320075 0.421585
2.290868e-03 6.741072e-03 0.321769 0.222029
2.344229e-03 6.859988e-03 0.322214 0.058591
2.398833e-03 6.981464e-03 0.323992 0.233170
2.454709e-03 7.104992e-03 0.325786 0.235501
2.511886e-03 7.230605e-03 0.328622 0.372600
2.570396e-03 7.358044e-03 0.329660 0.136784
2.630268e-03 7.488003e-03 0.331521 0.244814
2.691535e-03 7.620151e-03 0.333396 0.246754
2.754229e-03 7.754524e-03 0.335284 0.248684
2.818383e-03 7.891154e-03 0.337871 0.341115
2.884032e-03 8.029870e-03 0.339413 0.203706
2.951209e-03 8.171085e-03 0.341290 0.248005
3.019952e-03 8.314680e-03 0.343177 0.249293
3.090295e-03 8.460692e-03 0.345405 0.294773
3.162278e-03 8.608943e-03 0.347978 0.341096
3.235937e-03 8.759156e-03 0.349254 0.169769
3.311311e-03 8.911723e-03 0.351511 0.301027
3.388442e-03 9.066695e-03 0.353769 0.301597
3.467369e-03 9.224103e-03 0.355886 0.283156
3.548134e-03 9.384110e-03 0.358016 0.285120
3.630781e-03 9.546576e-03 0.360243 0.298750
3.715352e-03 9.711598e-03 0.362492 0.302149
3.801894e-03 9.879209e-03 0.364762 0.305575
3.890451e-03 1.004944e-02 0.369273 0.607881
3.981072e-03 1.022081e-02 0.368938 -0.045603
4.073803e-03 1.039638e-02 0.371212 0.307427
4.168694e-03 1.057472e-02 0.373527 0.313363
4.265795e-03 1.075586e-02 0.376013 0.337004
4.365158e-03 1.093985e-02 0.378453 0.331256
4.466836e-03 1.112665e-02 0.380749 0.312331
4.570882e-03 1.131644e-02 0.383203 0.334016
4.677351e-03 1.150921e-02 0.385680 0.337724
4.786301e-03 1.170500e-02 0.388370 0.367117
4.897788e-03 1.190386e-02 0.390662 0.313371
5.011872e-03 1.210581e-02 0.393234 0.352043
5.128614e-03 1.231083e-02 0.395834 0.356437
5.248075e-03 1.251896e-02 0.398460 0.360698
5.370318e-03 1.273025e-02 0.401357 0.398584
5.495409e-03 1.294442e-02 0.403818 0.339657
5.623413e-03 1.316223e-02 0.406503 0.370409
5.754399e-03 1.338344e-02 0.409213 0.374427
5.888437e-03 1.360808e-02 0.411948 0.378345
6.025596e-03 1.383620e-02 0.414872 0.405035
6.165950e-03 1.406793e-02 0.417682 0.389509
6.309573e-03 1.430304e-02 0.420578 0.402285
6.456542e-03 1.454162e-02 0.423504 0.407354
6.606934e-03 1.478344e-02 0.426452 0.411516
6.760830e-03 1.502933e-02 0.429787 0.465577
6.918310e-03 1.527892e-02 0.432805 0.421827
7.079458e-03 1.553232e-02 0.435835 0.424243
7.244360e-03 1.578954e-02 0.438895 0.428960
7.413102e-03 1.605064e-02 0.441797 0.407368
7.585776e-03 1.631565e-02 0.445081 0.461818
7.762471e-03 1.658456e-02 0.448659 0.503913
7.943282e-03 1.685732e-02 0.451958 0.465649
8.128305e-03 1.713407e-02 0.455290 0.471124
8.317638e-03 1.741484e-02 0.458435 0.445610
8.511380e-03 1.769970e-02 0.461791 0.476272
8.709636e-03 1.798851e-02 0.465456 0.521339
8.912509e-03 1.828177e-02 0.468930 0.494680
9.120108e-03 1.857930e-02 0.472440 0.500617
9.332543e-03 1.888115e-02 0.475757 0.473877
9.549926e-03 1.918737e-02 0.479402 0.521686
9.772372e-03 1.949810e-02 0.483282 0.556204
1.000000e-02 1.981339e-02 0.486962 0.528243
1.023293e-02 2.013319e-02 0.490681 0.534851
1.047129e-02 2.045755e-02 0.494278 0.518126
1.071519e-02 2.078652e-02 0.498067 0.547002
1.096478e-02 2.111960e-02 0.502082 0.581476
1.122018e-02 2.145763e-02 0.506028 0.572273
1.148154e-02 2.180042e-02 0.510018 0.579669
1.174898e-02 2.214802e-02 0.514004 0.580160
1.202264e-02 2.250047e-02 0.517978 0.579571
1.230269e-02 2.285820e-02 0.522712 0.691117
1.258925e-02 2.322120e-02 0.526885 0.609726
1.288250e-02 2.358944e-02 0.531111 0.618546
1.318257e-02 2.396297e-02 0.535381 0.625885
1.348963e-02 2.434185e-02 0.539634 0.624162
1.380384e-02 2.472587e-02 0.544272 0.682366
1.412538e-02 2.511500e-02 0.548747 0.659871
1.445440e-02 2.550947e-02 0.553271 0.668350
1.479108e-02 2.590934e-02 0.557846 0.677275
1.513561e-02 2.631467e-02 0.562313 0.662584
1.548817e-02 2.672516e-02 0.567420 0.759779
1.584893e-02 2.714166e-02 0.572192 0.710440
1.621810e-02 2.756380e-02 0.577016 0.719691
1.659587e-02 2.799165e-02 0.581895 0.729413
1.698244e-02 2.842526e-02 0.586290 0.658396
1.737801e-02 2.886430e-02 0.591906 0.843650
1.778279e-02 2.931027e-02 0.597001 0.765167
1.819701e-02 2.976232e-02 0.602154 0.775189
1.862087e-02 3.022052e-02 0.607365 0.785425
1.905461e-02 3.068494e-02 0.612361 0.754278
1.949845e-02 3.115564e-02 0.617816 0.825068
1.995262e-02 3.163199e-02 0.623411 0.849063
2.041738e-02 3.211539e-02 0.629077 0.860133
2.089296e-02 3.260549e-02 0.634785 0.867913
2.137962e-02 3.310220e-02 0.640428 0.859425
2.187762e-02 3.360559e-02 0.646059 0.859012
2.238721e-02 3.411490e-02 0.652096 0.924117
2.290868e-02 3.463252e-02 0.657974 0.898842
2.344229e-02 3.515730e-02 0.663916 0.909713
2.398833e-02 3.568934e-02 0.669922 0.920685
2.454709e-02 3.622872e-02 0.675844 0.909146
2.511886e-02 3.677483e-02 0.682185 0.975806
2.570396e-02 3.732877e-02 0.688423 0.960721
2.630268e-02 3.789020e-02 0.694729 0.972788
2.691535e-02 3.845920e-02 0.701106 0.985094
2.754229e-02 3.903587e-02 0.707215 0.945136
2.818383e-02 3.962028e-02 0.713742 1.011389
2.884032e-02 4.021188e-02 0.720668 1.075894
2.951209e-02 4.081167e-02 0.727403 1.047393
3.019952e-02 4.141933e-02 0.734214 1.061183
3.090295e-02 4.203495e-02 0.741104 1.075289
3.162278e-02 4.265861e-02 0.748069 1.088925
3.235937e-02 4.329092e-02 0.755437 1.153039
3.311311e-02 4.393201e-02 0.762840 1.159574
3.388442e-02 4.458160e-02 0.770206 1.155544
3.467369e-02 4.523979e-02 0.777659 1.170961
3.548134e-02 4.590666e-02 0.784513 1.078488
3.630781e-02 4.658234e-02 0.792258 1.220548
3.715352e-02 4.726643e-02 0.801100 1.396502
3.801894e-02 4.795998e-02 0.809043 1.255579
3.890451e-02 4.866265e-02 0.817070 1.270680
3.981072e-02 4.937455e-02 0.825189 1.287332
4.073803e-02 5.009577e-02 0.832654 1.185324
4.168694e-02 5.082600e-02 0.841684 1.436781
4.265795e-02 5.156639e-02 0.850247 1.363327
4.365158e-02 5.231636e-02 0.858911 1.381598
4.466836e-02 5.307600e-02 0.867672 1.399446
4.570882e-02 5.384544e-02 0.876375 1.392200
4.677351e-02 5.462478e-02 0.884751 1.342122
4.786301e-02 5.541469e-02 0.893540 1.409709
4.897788e-02 5.621600e-02 0.902624 1.456849
5.011872e-02 5.702952e-02 0.912049 1.510501
5.128614e-02 5.785623e-02 0.921186 1.461761
5.248075e-02 5.869464e-02 0.930290 1.457067
5.370318e-02 5.954488e-02 0.939883 1.535925
5.495409e-02 6.040570e-02 0.950004 1.623649
5.623413e-02 6.127925e-02 0.959707 1.556115
5.754399e-02 6.216494e-02 0.969510 1.572844
5.888437e-02 6.306294e-02 0.979417 1.590545
6.025596e-02 6.397341e-02 0.988573 1.470827
6.165950e-02 6.489685e-02 1.000626 1.936553
6.309573e-02 6.583152e-02 1.011126 1.690751
6.456542e-02 6.677884e-02 1.021730 1.708855
6.606934e-02 6.773897e-02 1.032452 1.729512
6.760830e-02 6.871209e-02 1.042052 1.549654
6.918310e-02 6.969835e-02 1.052843 1.743553
7.079458e-02 7.069851e-02 1.064727 1.920584
7.244360e-02 7.171102e-02 1.075990 1.823723
7.413102e-02 7.273697e-02 1.087383 1.846786
7.585776e-02 7.377675e-02 1.098524 1.807269
7.762471e-02 7.483425e-02 1.110240 1.895489
7.943282e-02 7.590551e-02 1.121540 1.830717
8.128305e-02 7.699295e-02 1.133106 1.872208
8.317638e-02 7.809601e-02 1.144799 1.892618
8.511380e-02 7.921489e-02 1.156610 1.911862
8.709636e-02 8.034982e-02 1.168542 1.931318
8.912509e-02 8.150103e-02 1.180471 1.930824
9.120108e-02 8.266618e-02 1.192328 1.923297
9.332543e-02 8.385313e-02 1.204513 1.968061
9.549926e-02 8.505770e-02 1.216826 1.987811
9.772372e-02 8.628012e-02 1.229258 2.006113
1.000000e-01 8.752065e-02 1.241605 1.991520
1.023293e-01 8.877953e-02 1.255429 2.228841
1.047129e-01 9.005374e-02 1.269131 2.213985
1.071519e-01 9.135437e-02 1.282042 2.073243
1.096478e-01 9.267510e-02 1.295063 2.088698
1.122018e-01 9.401622e-02 1.308195 2.104665
1.148154e-01 9.537804e-02 1.322757 2.331528
1.174898e-01 9.676095e-02 1.340321 2.809477
1.202264e-01 9.817334e-02 1.352019 1.858681
1.230269e-01 9.961003e-02 1.366648 2.318551
1.258925e-01 1.010714e-01 1.381383 2.329625
1.288250e-01 1.025577e-01 1.397384 2.523774
1.318257e-01 1.040692e-01 1.410412 2.050453
1.348963e-01 1.056005e-01 1.422448 1.897268
1.380384e-01 1.071746e-01 1.437601 2.358031
1.412538e-01 1.087786e-01 1.452982 2.384217
1.445440e-01 1.104126e-01 1.468499 2.396388
1.479108e-01 1.120769e-01 1.491454 3.532791
1.513561e-01 1.137370e-01 1.480094 -1.779135
1.548817e-01 1.154981e-01 1.494643 2.180200
1.584893e-01 1.172979e-01 1.509766 2.252017
1.621810e-01 1.191364e-01 1.525024 2.259044
1.659587e-01 1.210141e-01 1.565233 5.920484
1.698244e-01 1.229312e-01 1.556507 -1.278251
1.737801e-01 1.248698e-01 1.538698 -2.620749
1.778279e-01 1.269292e-01 1.552340 1.920246
1.819701e-01 1.290383e-01 1.566195 1.935890
1.862087e-01 1.311972e-01 1.608133 5.819942
1.905461e-01 1.333429e-01 1.568265 -5.658717
1.949845e-01 1.356587e-01 1.579169 1.458102
1.995262e-01 1.380354e-01 1.590176 1.459331
2.041738e-01 1.404736e-01 1.601305 1.463542
2.089296e-01 1.429741e-01 1.627405 3.406177
2.137962e-01 1.455150e-01 1.616878 -1.376076
2.187762e-01 1.481679e-01 1.625698 1.124068
2.238721e-01 1.508915e-01 1.634372 1.096622
2.290868e-01 1.536865e-01 1.651256 2.118101
2.344229e-01 1.565540e-01 1.672345 2.626825
2.398833e-01 1.594625e-01 1.681616 1.159638
2.454709e-01 1.624190e-01 1.681495 -0.015107
2.511886e-01 1.654328e-01 1.674664 -0.855579
2.570396e-01 1.685046e-01 1.692762 2.265144
2.630268e-01 1.716551e-01 1.722713 3.722963
2.691535e-01 1.748134e-01 1.739446 2.113289
2.754229e-01 1.780191e-01 1.756061 2.105254
2.818383e-01 1.812730e-01 1.763195 0.906919
2.884032e-01 1.846363e-01 1.804995 5.235507
2.951209e-01 1.879680e-01 1.825540 2.645253
3.019952e-01 1.913402e-01 1.845994 2.648694
3.090295e-01 1.947534e-01 1.866732 2.700708
3.162278e-01 1.982080e-01 1.876627 1.295825
3.235937e-01 2.017736e-01 1.922903 5.976242
3.311311e-01 2.052900e-01 1.948002 3.344959
3.388442e-01 2.088412e-01 1.973090 3.368252
3.467369e-01 2.124275e-01 1.987809 1.990477
3.548134e-01 2.160472e-01 2.018357 4.163102
3.630781e-01 2.197679e-01 2.059927 5.605685
3.715352e-01 2.234352e-01 2.089451 4.107819
3.801894e-01 2.271307e-01 2.119069 4.157410
3.890451e-01 2.308541e-01 2.150383 4.434292
3.981072e-01 2.346580e-01 2.179552 4.109653
4.073803e-01 2.384322e-01 2.212799 4.797729
4.168694e-01 2.422308e-01 2.246313 4.882361
4.265795e-01 2.460525e-01 2.280268 4.994455
4.365158e-01 2.498974e-01 2.332927 7.820109
4.466836e-01 2.537628e-01 2.353687 3.114048
4.570882e-01 2.576851e-01 2.362438 1.313798
4.677351e-01 2.616303e-01 2.396275 5.127826
4.786301e-01 2.656023e-01 2.430542 5.236504
4.897788e-01 2.695993e-01 2.506107 11.648855
5.011872e-01 2.736199e-01 2.515159 1.407944
5.128614e-01 2.776526e-01 2.495965 -3.020627
5.248075e-01 2.817978e-01 2.525095 4.526255
5.370318e-01 2.859808e-01 2.554664 4.620599
5.495409e-01 2.902007e-01 2.584507 4.691117
5.623413e-01 2.944571e-01 2.628831 7.009416
5.754399e-01 2.987272e-01 2.611862 -2.713855
5.888437e-01 3.031376e-01 2.633475 3.395546
6.025596e-01 3.075744e-01 2.635585 0.334400
6.165950e-01 3.120745e-01 2.658600 3.648429
6.309573e-01 3.166274e-01 2.670448 1.883573
6.456542e-01 3.212346e-01 2.687764 2.760010
6.606934e-01 3.258994e-01 2.721185 5.337705
6.760830e-01 3.306036e-01 2.740680 3.132363
6.918310e-01 3.353531e-01 2.760153 3.143315
7.079458e-01 3.401476e-01 2.779753 3.179196
7.244360e-01 3.449852e-01 2.774447 -0.865054
7.413102e-01 3.498656e-01 2.817914 7.124695
7.585776e-01 3.547654e-01 2.879168 10.141636
7.762471e-01 3.596626e-01 2.905560 4.432624
7.943282e-01 3.645802e-01 2.932272 4.529021
8.128305e-01 3.695145e-01 2.959148 4.603245
8.317638e-01 3.744645e-01 2.989832 5.309532
8.511380e-01 3.794488e-01 3.022148 5.627501
8.709636e-01 3.844355e-01 3.059997 6.674904
8.912509e-01 3.894496e-01 3.096624 6.508367
9.120108e-01 3.944886e-01 3.134022 6.698137
9.332543e-01 3.995537e-01 3.172142 6.879945
9.549926e-01 4.046449e-01 3.216190 8.010458
9.772372e-01 4.097642e-01 3.256764 7.431136
1.000000e+00 4.148421e-01 3.293565 6.880212
1.023293e+00 4.200400e-01 3.335530 7.760195
1.047129e+00 4.252734e-01 3.378601 8.009361
1.071519e+00 4.305439e-01 3.422457 8.198594
1.096478e+00 4.358520e-01 3.467106 8.390077
1.122018e+00 4.411985e-01 3.520373 10.060070
1.148154e+00 4.465840e-01 3.556709 6.895832
1.174898e+00 4.520136e-01 3.596273 7.538473
1.202264e+00 4.575339e-01 3.644500 9.148221
1.230269e+00 4.631090e-01 3.720719 14.490264
1.258925e+00 4.687596e-01 3.766647 8.720053
1.288250e+00 4.744651e-01 3.826795 11.447927
1.318257e+00 4.802242e-01 3.873472 8.908056
1.348963e+00 4.860600e-01 3.894981 4.100313
1.380384e+00 4.919303e-01 3.941733 8.966991
1.412538e+00 4.978560e-01 3.989207 9.129435
1.445440e+00 5.038360e-01 4.037292 9.273152
1.479108e+00 5.098705e-01 4.085997 9.419384
1.513561e+00 5.159601e-01 4.159484 14.252046
1.548817e+00 5.221029e-01 4.201741 8.221106
1.584893e+00 5.283474e-01 4.222690 4.057185
1.621810e+00 5.345669e-01 4.272054 9.712607
1.659587e+00 5.408345e-01 4.321974 9.861000
1.698244e+00 5.471490e-01 4.372442 10.011099
1.737801e+00 5.535098e-01 4.423460 10.163570
1.778279e+00 5.599196e-01 4.477814 10.870007
1.819701e+00 5.663176e-01 4.530406 10.658411
1.862087e+00 5.727683e-01 4.596764 13.490340
1.905461e+00 5.792231e-01 4.655534 12.075252
1.949845e+00 5.856970e-01 4.714903 12.299118
1.995262e+00 5.921878e-01 4.775212 12.599963
2.041738e+00 5.986931e-01 4.836483 12.913411
2.089296e+00 6.052103e-01 4.871263 7.396730
2.137962e+00 6.117368e-01 4.947277 16.317950
2.187762e+00 6.182875e-01 5.051260 22.478647
2.238721e+00 6.248014e-01 5.120253 15.158284
2.290868e+00 6.313103e-01 5.190527 15.613239
2.344229e+00 6.378161e-01 5.262214 16.099997
2.398833e+00 6.444347e-01 5.351252 19.859387
2.454709e+00 6.512180e-01 5.420664 15.263916
2.511886e+00 6.580478e-01 5.500840 17.694624
2.570396e+00 6.649253e-01 5.581773 17.923888
2.630268e+00 6.717731e-01 5.663654 18.401187
2.691535e+00 6.787469e-01 5.746321 18.430711
2.754229e+00 6.857764e-01 5.830627 18.840815
2.818383e+00 6.928620e-01 5.916276 19.185752
2.884032e+00 7.000040e-01 6.003290 19.536927
2.951209e+00 7.072028e-01 6.091689 19.894384
3.019952e+00 7.144588e-01 6.185947 21.261959
3.090295e+00 7.217723e-01 6.256467 15.943565
3.162278e+00 7.291750e-01 6.333684 17.424579
3.235937e+00 7.367405e-01 6.447231 25.329313
3.311311e+00 7.444234e-01 6.534340 19.334356
3.388442e+00 7.522004e-01 6.623325 19.714967
3.467369e+00 7.600725e-01 6.713472 19.937473
3.548134e+00 7.680409e-01 6.819976 23.514556
3.630781e+00 7.761065e-01 6.907140 19.211694
3.715352e+00 7.842706e-01 6.993103 18.915421
3.801894e+00 7.925429e-01 7.066458 16.097934
3.890451e+00 8.009178e-01 7.159124 20.298157
3.981072e+00 8.093971e-01 7.253113 20.550242
4.073803e+00 8.179818e-01 7.348143 20.739692
4.168694e+00 8.266741e-01 7.443991 20.878725
4.265795e+00 8.354760e-01 7.541039 21.099018
4.365158e+00 8.442987e-01 7.623959 18.175662
4.466836e+00 8.531810e-01 7.727355 22.749265
4.570882e+00 8.621433e-01 7.829287 22.460602
4.677351e+00 8.711883e-01 7.932314 22.730051
4.786301e+00 8.803168e-01 8.036728 23.064978
4.897788e+00 8.895294e-01 8.142549 23.405026
5.011872e+00 8.988265e-01 8.249796 23.750279
5.128614e+00 9.082092e-01 8.335901 19.091996
5.248075e+00 9.176774e-01 8.442760 23.724706
5.370318e+00 9.272973e-01 8.567494 27.541430
5.495409e+00 9.369395e-01 8.679156 24.855054
5.623413e+00 9.466678e-01 8.792524 25.270955
5.754399e+00 9.564831e-01 8.907551 25.677671
5.888437e+00 9.664640e-01 9.037059 28.725977
6.025596e+00 9.766213e-01 9.150568 24.999131
6.165950e+00 9.869045e-01 9.274974 27.348456
6.309573e+00 9.973153e-01 9.389922 25.222439
6.456542e+00 1.007793e+00 9.489198 21.873304
6.606934e+00 1.018491e+00 9.606144 25.499606
6.760830e+00 1.029337e+00 9.724929 25.821596
6.918310e+00 1.040331e+00 9.844966 26.014914
7.079458e+00 1.051477e+00 9.966265 26.209345
7.244360e+00 1.062776e+00 10.107424 30.409341
7.413102e+00 1.074231e+00 10.214835 23.069626
7.585776e+00 1.085827e+00 10.315785 21.650366
7.762471e+00 1.097681e+00 10.438517 26.027140
7.943282e+00 1.109815e+00 10.580550 29.748685
8.128305e+00 1.122151e+00 10.706102 26.152335
8.317638e+00 1.134693e+00 10.833150 26.319867
8.511380e+00 1.147444e+00 10.961279 26.401059
8.709636e+00 1.160407e+00 11.080322 24.398997
8.912509e+00 1.173587e+00 11.208385 26.110300
9.120108e+00 1.187018e+00 11.347457 28.140505
9.332543e+00 1.200661e+00 11.478642 26.431960
9.549926e+00 1.214535e+00 11.610759 26.478838
9.772372e+00 1.228643e+00 11.743948 26.554408
1.000000e+01 1.242989e+00 11.877700 26.529454
1.023293e+01 1.257578e+00 12.004068 24.936254
1.047129e+01 1.272414e+00 12.147462 28.151805
1.071519e+01 1.287355e+00 12.243403 18.924109
1.096478e+01 1.302384e+00 12.386572 28.402371
1.122018e+01 1.317593e+00 12.528861 28.219522
1.148154e+01 1.332984e+00 12.672740 28.526929
1.174898e+01 1.348558e+00 12.818224 28.837568
1.202264e+01 1.364320e+00 12.924496 21.058691
1.230269e+01 1.380268e+00 13.075020 29.822502
1.258925e+01 1.396629e+00 13.269301 37.964295
1.288250e+01 1.412905e+00 13.422551 30.454802
1.318257e+01 1.429355e+00 13.576478 30.619380
1.348963e+01 1.445979e+00 13.732224 31.013294
1.380384e+01 1.462780e+00 13.858086 25.087947
1.412538e+01 1.479755e+00 14.032149 34.736127
1.445440e+01 1.496937e+00 14.213459 36.163007
1.479108e+01 1.514074e+00 14.368193 31.300321
1.513561e+01 1.531318e+00 14.532655 33.439782
1.548817e+01 1.548687e+00 14.698660 33.890195
1.584893e+01 1.566179e+00 14.866754 34.461801
1.621810e+01 1.583791e+00 15.036972 35.050047
1.659587e+01 1.601520e+00 15.225037 38.900444
1.698244e+01 1.619362e+00 15.395120 35.348108
1.737801e+01 1.637350e+00 15.550513 32.389685
1.778279e+01 1.655431e+00 15.728295 37.275397
1.819701e+01 1.673618e+00 15.908439 37.962740
1.862087e+01 1.691910e+00 16.092325 38.951387
1.905461e+01 1.710312e+00 16.279653 39.872567
1.949845e+01 1.729137e+00 16.494528 45.198466
1.995262e+01 1.748474e+00 16.680870 38.582089
2.041738e+01 1.767955e+00 16.859574 37.136244
2.089296e+01 1.787791e+00 17.048420 38.973736
2.137962e+01 1.807898e+00 17.239808 39.402231
2.187762e+01 1.828282e+00 17.433008 39.678803
2.238721e+01 1.848945e+00 17.628031 39.956840
2.290868e+01 1.869892e+00 17.833924 42.082615
2.344229e+01 1.891128e+00 18.031287 40.242596
2.398833e+01 1.912572e+00 18.225620 39.684787
2.454709e+01 1.934451e+00 18.428209 41.009388
2.511886e+01 1.956646e+00 18.632799 41.294543
2.570396e+01 1.979170e+00 18.838683 41.418135
2.630268e+01 2.002037e+00 19.050208 42.399196
2.691535e+01 2.025225e+00 19.250540 40.056198
2.754229e+01 2.048740e+00 19.459324 41.644230
2.818383e+01 2.072688e+00 19.690349 45.773016
2.884032e+01 2.096870e+00 19.908617 43.328460
2.951209e+01 2.121384e+00 20.128394 43.539232
3.019952e+01 2.146235e+00 20.350263 43.864780
3.090295e+01 2.171429e+00 20.574242 44.192589
3.162278e+01 2.196969e+00 20.785233 41.546809
3.235937e+01 2.222861e+00 21.014420 45.040848
3.311311e+01 2.249128e+00 21.250137 46.202439
3.388442e+01 2.275635e+00 21.480779 45.327191
3.467369e+01 2.302346e+00 21.710201 45.267915
3.548134e+01 2.329381e+00 21.946411 46.591244
3.630781e+01 2.356743e+00 22.184669 46.978242
3.715352e+01 2.384436e+00 22.421325 46.645706
3.801894e+01 2.412465e+00 22.658125 46.656977
3.890451e+01 2.440841e+00 22.900270 47.680362
3.981072e+01 2.469564e+00 23.145004 48.168213
4.073803e+01 2.498639e+00 23.392093 48.608488
4.168694e+01 2.528071e+00 23.641538 49.048595
4.265795e+01 2.557864e+00 23.893312 49.482580
4.365158e+01 2.588022e+00 24.149554 50.336330
4.466836e+01 2.618546e+00 24.407562 50.666419
4.570882e+01 2.649502e+00 24.665090 50.456629
4.677351e+01 2.680845e+00 24.927896 51.455173
4.786301e+01 2.712587e+00 25.193213 51.900243
4.897788e+01 2.744735e+00 25.461030 52.342258
5.011872e+01 2.777293e+00 25.731366 52.786885
5.128614e+01 2.810267e+00 25.999431 52.296257
5.248075e+01 2.843663e+00 26.274589 53.631474
5.370318e+01 2.877447e+00 26.556683 54.996754
5.495409e+01 2.911653e+00 26.836870 54.593135
5.623413e+01 2.946287e+00 27.119717 55.077995
5.754399e+01 2.981354e+00 27.405265 55.569421
5.888437e+01 3.016876e+00 27.694784 56.284430
6.025596e+01 3.052871e+00 27.987893 56.903906
6.165950e+01 3.089323e+00 28.286899 58.003474
6.309573e+01 3.126238e+00 28.594554 59.637901
6.456542e+01 3.163619e+00 28.898834 58.945603
6.606934e+01 3.201472e+00 29.205962 59.456916
6.760830e+01 3.239804e+00 29.516059 59.991083
6.918310e+01 3.278622e+00 29.824665 59.661611
7.079458e+01 3.317932e+00 30.147953 62.457257
7.244360e+01 3.357757e+00 30.478170 63.727284
7.413102e+01 3.398124e+00 30.801510 62.301313
7.585776e+01 3.439014e+00 31.127970 62.843560
7.762471e+01 3.480379e+00 31.459343 63.817184
7.943282e+01 3.522314e+00 31.795651 64.654760
8.128305e+01 3.564800e+00 32.134623 65.098065
8.317638e+01 3.607844e+00 32.481378 66.522488
8.511380e+01 3.651439e+00 32.834219 67.643300
8.709636e+01 3.695613e+00 33.185900 67.339855
8.912509e+01 3.740366e+00 33.541023 67.932501
9.120108e+01 3.785705e+00 33.899657 68.537026
9.332543e+01 3.831639e+00 34.261833 69.146459
9.549926e+01 3.878176e+00 34.633307 70.852675
9.772372e+01 3.925324e+00 35.016785 73.071474
1.000000e+02 3.973108e+00 35.399673 72.862691
1.023293e+02 4.021518e+00 35.772992 70.977757
1.047129e+02 4.070573e+00 36.160191 73.535594
1.071519e+02 4.120280e+00 36.551215 74.180727
1.096478e+02 4.170650e+00 36.943300 74.300984
1.122018e+02 4.221691e+00 37.341174 75.315968
1.148154e+02 4.273400e+00 37.746857 76.731016
1.174898e+02 4.325827e+00 38.153122 76.716889
1.202264e+02 4.378959e+00 38.563474 77.400065
1.230269e+02 4.432805e+00 38.977956 78.090306
1.258925e+02 4.487375e+00 39.396728 78.809648
1.288250e+02 4.542679e+00 39.813773 78.395881
1.318257e+02 4.598740e+00 40.220399 76.335542
1.348963e+02 4.655548e+00 40.635001 77.758928
1.380384e+02 4.713177e+00 41.060857 79.703215
1.412538e+02 4.771595e+00 41.491120 80.426712
1.445440e+02 4.830811e+00 41.925506 81.095622
1.479108e+02 4.890837e+00 42.364053 81.769674
1.513561e+02 4.951686e+00 42.795714 80.385018
1.548817e+02 5.013474e+00 43.235715 81.699099
1.584893e+02 5.076033e+00 43.682364 82.932361
1.621810e+02 5.139457e+00 44.133099 83.581825
1.659587e+02 5.203756e+00 44.588000 84.244591
1.698244e+02 5.268946e+00 45.047203 84.931057
1.737801e+02 5.335038e+00 45.503223 84.233016
1.778279e+02 5.402046e+00 45.949836 82.390122
1.819701e+02 5.470005e+00 46.404889 83.811407
1.862087e+02 5.538907e+00 46.871177 85.772193
1.905461e+02 5.608766e+00 47.341648 86.431942
1.949845e+02 5.679597e+00 47.816289 87.087580
1.995262e+02 5.751413e+00 48.295131 87.747161
2.041738e+02 5.824230e+00 48.757324 84.589100
2.089296e+02 5.898056e+00 49.238599 87.978965
2.137962e+02 5.972942e+00 49.723951 88.577702
2.187762e+02 6.048883e+00 50.213488 89.219274
2.238721e+02 6.125895e+00 50.707164 89.850601
2.290868e+02 6.203996e+00 51.204949 90.474439
2.344229e+02 6.283221e+00 51.686826 87.442281
2.398833e+02 6.363484e+00 52.163919 86.545267
2.454709e+02 6.444900e+00 52.654143 88.789671
2.511886e+02 6.527496e+00 53.152956 90.194087
2.570396e+02 6.611265e+00 53.655786 90.796416
2.630268e+02 6.696227e+00 54.162523 91.376753
2.691535e+02 6.782399e+00 54.672878 91.903427
2.754229e+02 6.869801e+00 55.186096 92.291996
2.818383e+02 6.958418e+00 55.702554 92.781922
2.884032e+02 7.048335e+00 56.221349 93.039900
2.951209e+02 7.139543e+00 56.744044 93.608300
3.019952e+02 7.232061e+00 57.270855 94.213585
3.090295e+02 7.325910e+00 57.801440 94.755743
3.162278e+02 7.421124e+00 58.359813 99.565466
3.235937e+02 7.517662e+00 58.912798 98.516666
3.311311e+02 7.615509e+00 59.466943 98.669514
3.388442e+02 7.714730e+00 60.025328 99.325447
3.467369e+02 7.815344e+00 60.588193 100.023016
3.548134e+02 7.917372e+00 61.155566 100.723609
3.630781e+02 8.020836e+00 61.722667 100.574771
3.715352e+02 8.125758e+00 62.320450 105.910571
3.801894e+02 8.232221e+00 62.926760 107.251622
3.890451e+02 8.340102e+00 63.521699 105.218220
3.981072e+02 8.449500e+00 64.121375 105.956407
4.073803e+02 8.560438e+00 64.726044 106.737913
4.168694e+02 8.672939e+00 65.342204 108.664104
4.265795e+02 8.787050e+00 65.964819 109.677462
4.365158e+02 8.902782e+00 66.592788 110.506719
4.466836e+02 9.020161e+00 67.223240 110.828363
4.570882e+02 9.139204e+00 67.858937 111.640986
4.677351e+02 9.259939e+00 68.499927 112.459932
4.786301e+02 9.382389e+00 69.154857 114.792876
4.897788e+02 9.506581e+00 69.832983 118.742088
5.011872e+02 9.632506e+00 70.508401 118.184047
5.128614e+02 9.760102e+00 71.183238 118.080923
5.248075e+02 9.889475e+00 71.863787 119.000065
5.370318e+02 1.002065e+01 72.550275 119.957750
5.495409e+02 1.015366e+01 73.252792 122.676330
5.623413e+02 1.028852e+01 74.010066 132.149110
5.754399e+02 1.042522e+01 74.749392 128.980469
5.888437e+02 1.056375e+01 75.490277 129.227624
6.025596e+02 1.070420e+01 76.237341 130.245445
6.165950e+02 1.084657e+01 76.991534 131.427769
6.309573e+02 1.099091e+01 77.743368 130.956927
6.456542e+02 1.113723e+01 78.530090 136.970373
6.606934e+02 1.128540e+01 79.339212 140.976417
6.760830e+02 1.143579e+01 80.133130 138.089546
6.918310e+02 1.158826e+01 80.934876 139.378979
7.079458e+02 1.174285e+01 81.744413 140.660697
7.244360e+02 1.189959e+01 82.562046 141.993984
7.413102e+02 1.205849e+01 83.390900 143.868844
7.585776e+02 1.221955e+01 84.229116 145.468906
7.762471e+02 1.238270e+01 85.071925 146.314348
7.943282e+02 1.254801e+01 85.933280 149.552763
8.128305e+02 1.271557e+01 86.794628 149.521476
8.317638e+02 1.288539e+01 87.664485 150.968050
8.511380e+02 1.305752e+01 88.545970 152.955658
8.709636e+02 1.323189e+01 89.437069 154.668898
8.912509e+02 1.340860e+01 90.334366 155.735523
9.120108e+02 1.358768e+01 91.240564 157.273951
9.332543e+02 1.376917e+01 92.155814 158.838099
9.549926e+02 1.395308e+01 93.080204 160.417743
9.772372e+02 1.413945e+01 94.026416 164.197544
1.000000e+03 1.432835e+01 94.984485 166.232014
1.023293e+03 1.451986e+01 95.943712 166.352521
1.047129e+03 1.471389e+01 96.912920 168.114435
1.071519e+03 1.491062e+01 97.890954 169.559639
1.096478e+03 1.510999e+01 98.880486 171.536434
1.122018e+03 1.531205e+01 99.878582 173.004804
1.148154e+03 1.551697e+01 100.898342 176.626247
1.174898e+03 1.572444e+01 101.921296 177.341566
1.202264e+03 1.593468e+01 102.954236 179.077956
1.230269e+03 1.614772e+01 103.997707 180.909341
1.258925e+03 1.636361e+01 105.051817 182.759590
1.288250e+03 1.658237e+01 106.119934 185.193873
1.318257e+03 1.680409e+01 107.178319 183.477905
1.348963e+03 1.702877e+01 108.260979 187.695286
1.380384e+03 1.725644e+01 109.354724 189.621376
1.412538e+03 1.748716e+01 110.459563 191.548847
1.445440e+03 1.772088e+01 111.574210 193.309135
1.479108e+03 1.795782e+01 112.701166 195.367795
1.513561e+03 1.819799e+01 113.839258 197.251834
1.548817e+03 1.844126e+01 114.989594 199.460186
1.584893e+03 1.868777e+01 116.151400 201.465209
1.621810e+03 1.893755e+01 117.325017 203.529707
1.659587e+03 1.919065e+01 118.510564 205.615428
1.698244e+03 1.944711e+01 119.714130 208.757614
1.737801e+03 1.970697e+01 120.913797 208.098096
