Pressure (Mbar) | Density (g cm^-3) | dP/dRho (Mbar g^-1 cm^3) | d^2P/dRho^2 (Mbar g^-2 cm^6) 

1e-05 3.51711 1.26526 1.0792
1.02329e-05 3.51711 1.26526 1.07914
1.04713e-05 3.51711 1.26526 1.07926
1.07152e-05 3.51711 1.26526 1.07926
1.09648e-05 3.51711 1.26526 1.07926
1.12202e-05 3.51711 1.26526 1.07914
1.14815e-05 3.51711 1.26526 1.07926
1.1749e-05 3.51711 1.26526 1.0792
1.20226e-05 3.51711 1.26526 1.0792
1.23027e-05 3.51711 1.26526 1.07926
1.25893e-05 3.51711 1.26526 1.0792
1.28825e-05 3.51711 1.26526 1.0792
1.31826e-05 3.51711 1.26526 1.07914
1.34896e-05 3.51711 1.26526 1.07926
1.38038e-05 3.51711 1.26526 1.0792
1.41254e-05 3.51711 1.26526 1.0792
1.44544e-05 3.51711 1.26526 1.0792
1.47911e-05 3.51711 1.26526 1.07926
1.51356e-05 3.51711 1.26526 1.07926
1.54882e-05 3.51711 1.26526 1.0792
1.58489e-05 3.51711 1.26526 1.0792
1.62181e-05 3.51711 1.26526 1.07926
1.65959e-05 3.51711 1.26526 1.07926
1.69824e-05 3.51711 1.26526 1.0792
1.7378e-05 3.51711 1.26526 1.0792
1.77828e-05 3.51711 1.26526 1.0792
1.8197e-05 3.51711 1.26526 1.07926
1.86209e-05 3.51711 1.26526 1.0792
1.90546e-05 3.51712 1.26527 1.0792
1.94984e-05 3.51712 1.26527 1.07926
1.99526e-05 3.51712 1.26527 1.07926
2.04174e-05 3.51712 1.26527 1.0792
2.0893e-05 3.51712 1.26527 1.07926
2.13796e-05 3.51712 1.26527 1.07926
2.18776e-05 3.51712 1.26527 1.0792
2.23872e-05 3.51712 1.26527 1.0792
2.29087e-05 3.51712 1.26527 1.0792
2.34423e-05 3.51712 1.26527 1.0792
2.39883e-05 3.51712 1.26527 1.07926
2.45471e-05 3.51712 1.26527 1.07926
2.51189e-05 3.51712 1.26527 1.0792
2.5704e-05 3.51712 1.26527 1.0792
2.63027e-05 3.51712 1.26527 1.07926
2.69153e-05 3.51712 1.26527 1.07926
2.75423e-05 3.51712 1.26527 1.07926
2.81838e-05 3.51712 1.26527 1.07932
2.88403e-05 3.51712 1.26527 1.0792
2.95121e-05 3.51712 1.26527 1.07926
3.01995e-05 3.51712 1.26527 1.07926
3.0903e-05 3.51712 1.26528 1.0792
3.16228e-05 3.51712 1.26528 1.07926
3.23594e-05 3.51713 1.26528 1.0792
3.31131e-05 3.51713 1.26528 1.07926
3.38844e-05 3.51713 1.26528 1.07926
3.46737e-05 3.51713 1.26528 1.0792
3.54813e-05 3.51713 1.26528 1.0792
3.63078e-05 3.51713 1.26528 1.07914
3.71535e-05 3.51713 1.26528 1.0792
3.80189e-05 3.51713 1.26528 1.07926
3.89045e-05 3.51713 1.26528 1.0792
3.98107e-05 3.51713 1.26528 1.07926
4.0738e-05 3.51713 1.26528 1.07914
4.16869e-05 3.51713 1.26528 1.0792
4.2658e-05 3.51713 1.26529 1.07926
4.36516e-05 3.51713 1.26529 1.07932
4.46684e-05 3.51714 1.26529 1.0792
4.57088e-05 3.51714 1.26529 1.0792
4.67735e-05 3.51714 1.26529 1.07926
4.7863e-05 3.51714 1.26529 1.07926
4.89779e-05 3.51714 1.26529 1.07926
5.01187e-05 3.51714 1.26529 1.07926
5.12861e-05 3.51714 1.26529 1.0792
5.24807e-05 3.51714 1.26529 1.0792
5.37032e-05 3.51714 1.26529 1.07926
5.49541e-05 3.51714 1.2653 1.07926
5.62341e-05 3.51714 1.2653 1.0792
5.7544e-05 3.51715 1.2653 1.0792
5.88844e-05 3.51715 1.2653 1.0792
6.0256e-05 3.51715 1.2653 1.07932
6.16595e-05 3.51715 1.2653 1.07932
6.30957e-05 3.51715 1.2653 1.07926
6.45654e-05 3.51715 1.2653 1.07914
6.60693e-05 3.51715 1.26531 1.0792
6.76083e-05 3.51715 1.26531 1.07932
6.91831e-05 3.51715 1.26531 1.0792
7.07946e-05 3.51716 1.26531 1.0792
7.24436e-05 3.51716 1.26531 1.07926
7.4131e-05 3.51716 1.26531 1.0792
7.58578e-05 3.51716 1.26531 1.07926
7.76247e-05 3.51716 1.26532 1.07926
7.94328e-05 3.51716 1.26532 1.0792
8.12831e-05 3.51716 1.26532 1.07914
8.31764e-05 3.51717 1.26532 1.0792
8.51138e-05 3.51717 1.26532 1.07926
8.70964e-05 3.51717 1.26532 1.0792
8.91251e-05 3.51717 1.26532 1.07914
9.12011e-05 3.51717 1.26533 1.07914
9.33254e-05 3.51717 1.26533 1.07932
9.54993e-05 3.51718 1.26533 1.0792
9.77237e-05 3.51718 1.26533 1.0792
0.0001 3.51718 1.26533 1.0792
0.000102329 3.51718 1.26534 1.0792
0.000104713 3.51718 1.26534 1.07926
0.000107152 3.51718 1.26534 1.07926
0.000109648 3.51719 1.26534 1.0792
0.000112202 3.51719 1.26534 1.07915
0.000114815 3.51719 1.26535 1.07921
0.00011749 3.51719 1.26535 1.07921
0.000120226 3.5172 1.26535 1.07921
0.000123027 3.5172 1.26535 1.07927
0.000125893 3.5172 1.26536 1.07921
0.000128825 3.5172 1.26536 1.07921
0.000131826 3.5172 1.26536 1.07921
0.000134896 3.51721 1.26536 1.07921
0.000138038 3.51721 1.26537 1.07927
0.000141254 3.51721 1.26537 1.07927
0.000144544 3.51721 1.26537 1.07921
0.000147911 3.51722 1.26537 1.07921
0.000151356 3.51722 1.26538 1.07927
0.000154882 3.51722 1.26538 1.07921
0.000158489 3.51723 1.26538 1.07921
0.000162181 3.51723 1.26539 1.07921
0.000165959 3.51723 1.26539 1.07921
0.000169824 3.51723 1.26539 1.07921
0.00017378 3.51724 1.2654 1.07921
0.000177828 3.51724 1.2654 1.07921
0.00018197 3.51724 1.2654 1.07927
0.000186209 3.51725 1.26541 1.07927
0.000190546 3.51725 1.26541 1.07927
0.000194984 3.51725 1.26542 1.07921
0.000199526 3.51726 1.26542 1.07915
0.000204174 3.51726 1.26542 1.07927
0.00020893 3.51727 1.26543 1.07921
0.000213796 3.51727 1.26543 1.07921
0.000218776 3.51727 1.26544 1.07927
0.000223872 3.51728 1.26544 1.07927
0.000229087 3.51728 1.26544 1.07921
0.000234423 3.51729 1.26545 1.07915
0.000239883 3.51729 1.26545 1.07927
0.000245471 3.51729 1.26546 1.07915
0.000251189 3.5173 1.26546 1.07921
0.00025704 3.5173 1.26547 1.07921
0.000263027 3.51731 1.26547 1.07927
0.000269153 3.51731 1.26548 1.07927
0.000275423 3.51732 1.26548 1.07921
0.000281838 3.51732 1.26549 1.07921
0.000288403 3.51733 1.26549 1.07921
0.000295121 3.51733 1.2655 1.07921
0.000301995 3.51734 1.26551 1.07921
0.00030903 3.51734 1.26551 1.07927
0.000316228 3.51735 1.26552 1.07927
0.000323594 3.51736 1.26552 1.07921
0.000331131 3.51736 1.26553 1.07927
0.000338844 3.51737 1.26554 1.07927
0.000346737 3.51737 1.26554 1.07927
0.000354813 3.51738 1.26555 1.07927
0.000363078 3.51739 1.26556 1.07915
0.000371535 3.51739 1.26557 1.07927
0.000380189 3.5174 1.26557 1.07921
0.000389045 3.51741 1.26558 1.07921
0.000398107 3.51741 1.26559 1.07927
0.00040738 3.51742 1.2656 1.07927
0.000416869 3.51743 1.2656 1.07928
0.00042658 3.51744 1.26561 1.07916
0.000436516 3.51744 1.26562 1.07928
0.000446684 3.51745 1.26563 1.07928
0.000457088 3.51746 1.26564 1.07934
0.000467735 3.51747 1.26565 1.07916
0.00047863 3.51748 1.26566 1.07928
0.000489779 3.51749 1.26567 1.07928
0.000501187 3.5175 1.26568 1.07934
0.000512861 3.51751 1.26569 1.07928
0.000524807 3.51751 1.2657 1.07922
0.000537032 3.51752 1.26571 1.07928
0.000549541 3.51753 1.26572 1.07922
0.000562341 3.51754 1.26573 1.07934
0.00057544 3.51755 1.26574 1.07922
0.000588844 3.51757 1.26575 1.07922
0.00060256 3.51758 1.26576 1.07922
0.000616595 3.51759 1.26577 1.07922
0.000630957 3.5176 1.26579 1.07922
0.000645654 3.51761 1.2658 1.07934
0.000660693 3.51762 1.26581 1.07928
0.000676083 3.51763 1.26583 1.07922
0.000691831 3.51765 1.26584 1.07922
0.000707946 3.51766 1.26585 1.07917
0.000724436 3.51767 1.26587 1.07929
0.00074131 3.51769 1.26588 1.07917
0.000758578 3.5177 1.2659 1.07923
0.000776247 3.51771 1.26591 1.07923
0.000794328 3.51773 1.26593 1.07923
0.000812831 3.51774 1.26594 1.07917
0.000831764 3.51776 1.26596 1.07917
0.000851138 3.51777 1.26597 1.07929
0.000870964 3.51779 1.26599 1.07923
0.000891251 3.5178 1.26601 1.07917
0.000912011 3.51782 1.26603 1.07929
0.000933254 3.51784 1.26604 1.07929
0.000954993 3.51785 1.26606 1.07923
0.000977237 3.51787 1.26608 1.07929
0.001 3.51789 1.2661 1.07929
0.00102329 3.51791 1.26612 1.0793
0.00104713 3.51793 1.26614 1.07924
0.00107152 3.51795 1.26616 1.0793
0.00109648 3.51797 1.26618 1.07924
0.00112202 3.51799 1.26621 1.0793
0.00114815 3.51801 1.26623 1.0793
0.0011749 3.51803 1.26625 1.0793
0.00120226 3.51805 1.26627 1.07924
0.00123027 3.51807 1.2663 1.07924
0.00125893 3.51809 1.26632 1.07924
0.00128825 3.51812 1.26635 1.07936
0.00131826 3.51814 1.26637 1.07931
0.00134896 3.51817 1.2664 1.07925
0.00138038 3.51819 1.26643 1.07931
0.00141254 3.51822 1.26645 1.07925
0.00144544 3.51824 1.26648 1.07931
0.00147911 3.51827 1.26651 1.07919
0.00151356 3.5183 1.26654 1.07931
0.00154882 3.51832 1.26657 1.07931
0.00158489 3.51835 1.2666 1.07937
0.00162181 3.51838 1.26663 1.07932
0.00165959 3.51841 1.26666 1.07932
0.00169824 3.51844 1.2667 1.07932
0.0017378 3.51847 1.26673 1.07938
0.00177828 3.5185 1.26676 1.07938
0.0018197 3.51854 1.2668 1.07932
0.00186209 3.51857 1.26684 1.0792
0.00190546 3.51861 1.26687 1.07927
0.00194984 3.51864 1.26691 1.07939
0.00199526 3.51868 1.26695 1.07933
0.00204174 3.51871 1.26699 1.07939
0.0020893 3.51875 1.26703 1.07933
0.00213796 3.51879 1.26707 1.07927
0.00218776 3.51883 1.26711 1.07933
0.00223872 3.51887 1.26716 1.07934
0.00229087 3.51891 1.2672 1.07934
0.00234423 3.51895 1.26725 1.07922
0.00239883 3.51899 1.26729 1.0794
0.00245471 3.51904 1.26734 1.07928
0.00251189 3.51908 1.26739 1.07929
0.0025704 3.51913 1.26744 1.07941
0.00263027 3.51918 1.26749 1.07935
0.00269153 3.51923 1.26754 1.07935
0.00275423 3.51927 1.2676 1.07929
0.00281838 3.51933 1.26765 1.07942
0.00288403 3.51938 1.26771 1.0793
0.00295121 3.51943 1.26776 1.0793
0.00301995 3.51948 1.26782 1.07936
0.0030903 3.51954 1.26788 1.07942
0.00316228 3.5196 1.26794 1.07937
0.00323594 3.51965 1.26801 1.07937
0.00331131 3.51971 1.26807 1.07937
0.00338844 3.51978 1.26814 1.07931
0.00346737 3.51984 1.2682 1.07932
0.00354813 3.5199 1.26827 1.07932
0.00363078 3.51997 1.26834 1.07938
0.00371535 3.52003 1.26841 1.07945
0.00380189 3.5201 1.26849 1.07939
0.00389045 3.52017 1.26856 1.07939
0.00398107 3.52024 1.26864 1.07939
0.0040738 3.52032 1.26872 1.07946
0.00416869 3.52039 1.2688 1.07934
0.0042658 3.52047 1.26888 1.07946
0.00436516 3.52054 1.26897 1.07947
0.00446684 3.52063 1.26905 1.07947
0.00457088 3.52071 1.26914 1.07947
0.00467735 3.52079 1.26923 1.07942
0.0047863 3.52088 1.26933 1.07942
0.00489779 3.52096 1.26942 1.07948
0.00501187 3.52105 1.26952 1.07937
0.00512861 3.52115 1.26962 1.07943
0.00524807 3.52124 1.26972 1.07944
0.00537032 3.52134 1.26982 1.07944
0.00549541 3.52144 1.26993 1.07944
0.00562341 3.52154 1.27004 1.07945
0.0057544 3.52164 1.27015 1.07951
0.00588844 3.52174 1.27026 1.07946
0.0060256 3.52185 1.27038 1.07952
0.00616595 3.52196 1.2705 1.07953
0.00630957 3.52208 1.27062 1.07953
0.00645654 3.52219 1.27074 1.07948
0.00660693 3.52231 1.27087 1.07954
0.00676083 3.52243 1.271 1.07955
0.00691831 3.52256 1.27114 1.07955
0.00707946 3.52268 1.27127 1.07956
0.00724436 3.52281 1.27141 1.07956
0.0074131 3.52294 1.27156 1.07951
0.00758578 3.52308 1.2717 1.07957
0.00776247 3.52322 1.27185 1.07946
0.00794328 3.52336 1.27201 1.07959
0.00812831 3.52351 1.27216 1.07965
0.00831764 3.52366 1.27232 1.0796
0.00851138 3.52381 1.27249 1.0796
0.00870964 3.52396 1.27266 1.07961
0.00891251 3.52412 1.27283 1.07962
0.00912011 3.52429 1.27301 1.07956
0.00933254 3.52445 1.27319 1.07957
0.00954993 3.52462 1.27337 1.0797
0.00977237 3.5248 1.27356 1.07965
0.01 3.52498 1.27375 1.07965
0.0102329 3.52516 1.27395 1.07972
0.0104713 3.52535 1.27415 1.07967
0.0107152 3.52554 1.27436 1.07968
0.0109648 3.52573 1.27457 1.07968
0.0112202 3.52593 1.27479 1.07969
0.0114815 3.52614 1.27501 1.07976
0.011749 3.52635 1.27523 1.07971
0.0120226 3.52656 1.27547 1.07972
0.0123027 3.52678 1.2757 1.07979
0.0125893 3.52701 1.27594 1.0798
0.0128825 3.52724 1.27619 1.07975
0.0131826 3.52747 1.27645 1.07976
0.0134896 3.52771 1.27671 1.07977
0.0138038 3.52796 1.27697 1.07972
0.0141254 3.52821 1.27724 1.07979
0.0144544 3.52847 1.27752 1.0798
0.0147911 3.52873 1.27781 1.07987
0.0151356 3.529 1.2781 1.07982
0.0154882 3.52928 1.2784 1.07989
0.0158489 3.52956 1.2787 1.07996
0.0162181 3.52985 1.27901 1.07991
0.0165959 3.53014 1.27933 1.07999
0.0169824 3.53045 1.27966 1.07994
0.017378 3.53076 1.27999 1.07983
0.0177828 3.53107 1.28033 1.0799
0.018197 3.5314 1.28068 1.07992
0.0186209 3.53173 1.28104 1.08005
0.0190546 3.53206 1.2814 1.07994
0.0194984 3.53241 1.28178 1.08002
0.0199526 3.53277 1.28216 1.08009
0.0204174 3.53313 1.28255 1.08011
0.020893 3.5335 1.28295 1.08006
0.0213796 3.53388 1.28336 1.08014
0.0218776 3.53427 1.28378 1.08016
0.0223872 3.53466 1.28421 1.08017
0.0229087 3.53507 1.28465 1.08019
0.0234423 3.53548 1.2851 1.0802
0.0239883 3.53591 1.28556 1.08022
0.0245471 3.53634 1.28603 1.0803
0.0251189 3.53679 1.28651 1.08026
0.025704 3.53724 1.287 1.08021
0.0263027 3.53771 1.2875 1.08023
0.0269153 3.53818 1.28801 1.08031
0.0275423 3.53867 1.28854 1.08039
0.0281838 3.53917 1.28908 1.08035
0.0288403 3.53968 1.28963 1.08037
0.0295121 3.5402 1.29019 1.08039
0.0301995 3.54073 1.29077 1.08047
0.030903 3.54128 1.29135 1.08056
0.0316228 3.54183 1.29196 1.08052
0.0323594 3.5424 1.29257 1.08054
0.0331131 3.54299 1.2932 1.0805
0.0338844 3.54358 1.29385 1.08053
0.0346737 3.54419 1.29451 1.08061
0.0354813 3.54482 1.29518 1.0807
0.0363078 3.54545 1.29587 1.08072
0.0371535 3.54611 1.29657 1.08075
0.0380189 3.54677 1.2973 1.08071
0.0389045 3.54746 1.29803 1.08074
0.0398107 3.54815 1.29879 1.08095
0.040738 3.54887 1.29956 1.08091
0.0416869 3.5496 1.30035 1.08094
0.042658 3.55034 1.30116 1.08097
0.0436516 3.55111 1.30198 1.081
0.0446684 3.55189 1.30282 1.08109
0.0457088 3.55269 1.30369 1.08112
0.0467735 3.5535 1.30457 1.08109
0.047863 3.55434 1.30547 1.08106
0.0489779 3.55519 1.3064 1.08122
0.0501187 3.55606 1.30734 1.08125
0.0512861 3.55696 1.3083 1.08122
0.0524807 3.55787 1.30929 1.08132
0.0537032 3.5588 1.3103 1.08142
0.0549541 3.55976 1.31133 1.08139
0.0562341 3.56073 1.31239 1.08149
0.057544 3.56173 1.31347 1.08153
0.0588844 3.56275 1.31457 1.0815
0.060256 3.56379 1.3157 1.0816
0.0616595 3.56486 1.31685 1.0817
0.0630957 3.56595 1.31803 1.08168
0.0645654 3.56706 1.31924 1.08172
0.0660693 3.5682 1.32047 1.08182
0.0676083 3.56937 1.32173 1.0818
0.0691831 3.57056 1.32302 1.08191
0.0707946 3.57178 1.32434 1.08201
0.0724436 3.57302 1.32568 1.08206
0.074131 3.57429 1.32706 1.0821
0.0758578 3.57559 1.32847 1.08215
0.0776247 3.57692 1.3299 1.0822
0.0794328 3.57828 1.33137 1.08231
0.0812831 3.57967 1.33288 1.08236
0.0831764 3.58109 1.33441 1.0824
0.0851138 3.58254 1.33599 1.08246
0.0870964 3.58403 1.33759 1.08257
0.0891251 3.58554 1.33923 1.08262
0.0912011 3.58709 1.34091 1.08274
0.0933254 3.58867 1.34262 1.08273
0.0954993 3.59029 1.34438 1.08284
0.0977237 3.59194 1.34617 1.0829
0.1 3.59363 1.348 1.08302
0.102329 3.59536 1.34987 1.08308
0.104713 3.59713 1.35178 1.0832
0.107152 3.59893 1.35373 1.08326
0.109648 3.60077 1.35573 1.08332
0.112202 3.60265 1.35777 1.08338
0.114815 3.60458 1.35985 1.08344
0.11749 3.60654 1.36198 1.0835
0.120226 3.60855 1.36415 1.08369
0.123027 3.6106 1.36638 1.08376
0.125893 3.6127 1.36865 1.08382
0.128825 3.61484 1.37097 1.08382
0.131826 3.61702 1.37334 1.08402
0.134896 3.61926 1.37576 1.08415
0.138038 3.62154 1.37823 1.08422
0.141254 3.62387 1.38076 1.08429
0.144544 3.62625 1.38334 1.08436
0.147911 3.62868 1.38598 1.08449
0.151356 3.63117 1.38867 1.08463
0.154882 3.6337 1.39142 1.0847
0.158489 3.63629 1.39423 1.08478
0.162181 3.63894 1.3971 1.08491
0.165959 3.64164 1.40003 1.08512
0.169824 3.6444 1.40303 1.08507
0.17378 3.64721 1.40608 1.08527
0.177828 3.65009 1.4092 1.08535
0.18197 3.65303 1.41239 1.08543
0.186209 3.65602 1.41565 1.08564
0.190546 3.65908 1.41897 1.08578
0.194984 3.66221 1.42236 1.0858
0.199526 3.6654 1.42582 1.08587
0.204174 3.66865 1.42936 1.08609
0.20893 3.67198 1.43297 1.08617
0.213796 3.67537 1.43665 1.08625
0.218776 3.67883 1.44041 1.08634
0.223872 3.68236 1.44425 1.08648
0.229087 3.68597 1.44817 1.0867
0.234423 3.68965 1.45217 1.08678
0.239883 3.6934 1.45625 1.08687
0.245471 3.69723 1.46041 1.08708
0.251189 3.70114 1.46466 1.08723
0.25704 3.70513 1.469 1.08731
0.263027 3.7092 1.47343 1.0874
0.269153 3.71335 1.47794 1.08755
0.275423 3.71759 1.48255 1.08763
0.281838 3.72191 1.48725 1.08785
0.288403 3.72632 1.49204 1.08793
0.295121 3.73081 1.49693 1.08815
0.301995 3.7354 1.50192 1.08817
0.30903 3.74007 1.50701 1.08845
0.316228 3.74484 1.5122 1.0886
0.323594 3.7497 1.51749 1.08868
0.331131 3.75466 1.52289 1.08889
0.338844 3.75972 1.5284 1.08897
0.346737 3.76487 1.53401 1.08906
0.354813 3.77013 1.53973 1.08919
0.363078 3.77548 1.54557 1.08934
0.371535 3.78095 1.55152 1.08948
0.380189 3.78651 1.55758 1.08962
0.389045 3.79219 1.56377 1.08983
0.398107 3.79797 1.57007 1.0899
0.40738 3.80386 1.57649 1.0901
0.416869 3.80987 1.58304 1.09023
0.42658 3.81599 1.58972 1.0903
0.436516 3.82223 1.59652 1.0905
0.446684 3.82858 1.60345 1.09069
0.457088 3.83506 1.61051 1.09075
0.467735 3.84165 1.6177 1.0908
0.47863 3.84837 1.62503 1.09092
0.489779 3.85522 1.6325 1.09111
0.501187 3.86219 1.64011 1.0913
0.512861 3.86929 1.64786 1.09134
0.524807 3.87652 1.65575 1.09143
0.537032 3.88389 1.66379 1.09153
0.549541 3.89139 1.67198 1.0917
0.562341 3.89903 1.68032 1.09181
0.57544 3.9068 1.6888 1.09196
0.588844 3.91472 1.69745 1.09197
0.60256 3.92278 1.70625 1.09212
0.616595 3.93098 1.71521 1.09219
0.630957 3.93933 1.72433 1.09227
0.645654 3.94783 1.73362 1.09239
0.660693 3.95649 1.74307 1.09245
0.676083 3.96529 1.75269 1.0925
0.691831 3.97425 1.76248 1.09268
0.707946 3.98337 1.77244 1.09264
0.724436 3.99264 1.78258 1.09275
0.74131 4.00208 1.79289 1.09284
0.758578 4.01169 1.80339 1.09286
0.776247 4.02146 1.81406 1.09294
0.794328 4.03139 1.82493 1.09294
0.812831 4.0415 1.83597 1.09301
0.831764 4.05178 1.84721 1.09298
0.851138 4.06224 1.85864 1.09311
0.870964 4.07287 1.87026 1.09307
0.891251 4.08369 1.88208 1.09309
0.912011 4.09468 1.8941 1.09303
0.933254 4.10586 1.90632 1.09312
0.954993 4.11723 1.91874 1.09302
0.977237 4.12878 1.93137 1.09301
1 4.14053 1.94421 1.09298
1.02329 4.15247 1.95726 1.09279
1.04713 4.16461 1.97053 1.09273
1.07152 4.17694 1.98401 1.09275
1.09648 4.18948 1.99771 1.09258
1.12202 4.20222 2.01163 1.09257
1.14815 4.21516 2.02577 1.09237
1.1749 4.22832 2.04014 1.09219
1.20226 4.24169 2.05474 1.09221
1.23027 4.25527 2.06957 1.09196
1.25893 4.26906 2.08464 1.09181
1.28825 4.28308 2.09994 1.09172
1.31826 4.29732 2.11548 1.09159
1.34896 4.31178 2.13126 1.09121
1.38038 4.32646 2.14729 1.09113
1.41254 4.34138 2.16356 1.09079
1.44544 4.35653 2.18008 1.09051
1.47911 4.37192 2.19686 1.09033
1.51356 4.38754 2.21389 1.0901
1.54882 4.4034 2.23118 1.0896
1.58489 4.41951 2.24873 1.08935
1.62181 4.43586 2.26654 1.08906
1.65959 4.45246 2.28461 1.08865
1.69824 4.46931 2.30295 1.08824
1.7378 4.48642 2.32157 1.08789
1.77828 4.50379 2.34046 1.08744
1.8197 4.52141 2.35962 1.08694
1.86209 4.5393 2.37906 1.08653
1.90546 4.55746 2.39878 1.08601
1.94984 4.57588 2.41879 1.08553
1.99526 4.59458 2.43908 1.08498
2.04174 4.61356 2.45966 1.08435
2.0893 4.63281 2.48053 1.08381
2.13796 4.65235 2.5017 1.08315
2.18776 4.67217 2.52317 1.08265
2.23872 4.69228 2.54493 1.08202
2.29087 4.71268 2.567 1.08118
2.34423 4.73338 2.58937 1.08051
2.39883 4.75437 2.61205 1.07981
2.45471 4.77567 2.63504 1.07889
2.51189 4.79727 2.65834 1.07823
2.5704 4.81919 2.68196 1.07732
2.63027 4.84141 2.70589 1.07658
2.69153 4.86395 2.73015 1.07573
2.75423 4.88681 2.75473 1.07485
2.81838 4.91 2.77964 1.07381
2.88403 4.93351 2.80487 1.07298
2.95121 4.95735 2.83044 1.07187
3.01995 4.98152 2.85634 1.07085
3.0903 5.00604 2.88258 1.06982
3.16228 5.0309 2.90915 1.06864
3.23594 5.0561 2.93607 1.06753
3.31131 5.08165 2.96334 1.06642
3.38844 5.10756 2.99095 1.06512
3.46737 5.13383 3.01891 1.06379
3.54813 5.16045 3.04723 1.06273
3.63078 5.18745 3.0759 1.06143
3.71535 5.21481 3.10492 1.05997
3.80189 5.24256 3.13431 1.05868
3.89045 5.27068 3.16406 1.05729
3.98107 5.29918 3.19418 1.05571
4.0738 5.32807 3.22466 1.05441
4.16869 5.35736 3.25552 1.05278
4.2658 5.38705 3.28675 1.05119
4.36516 5.41713 3.31835 1.04961
4.46684 5.44763 3.35034 1.04812
4.57088 5.47853 3.3827 1.04632
4.67735 5.50986 3.41545 1.04458
4.7863 5.5416 3.44859 1.0429
4.89779 5.57377 3.48211 1.04106
5.01187 5.60638 3.51602 1.03918
5.12861 5.63942 3.55033 1.03729
5.24807 5.6729 3.58503 1.03554
5.37032 5.70684 3.62014 1.03343
5.49541 5.74122 3.65564 1.0314
5.62341 5.77607 3.69155 1.02944
5.7544 5.81137 3.72786 1.02741
5.88844 5.84715 3.76458 1.0252
6.0256 5.88341 3.80171 1.02314
6.16595 5.92015 3.83926 1.02085
6.30957 5.95737 3.87722 1.01862
6.45654 5.99509 3.9156 1.01618
6.60693 6.03331 3.9544 1.01398
6.76083 6.07203 3.99362 1.0117
6.91831 6.11127 4.03326 1.00908
7.07946 6.15103 4.07334 1.00675
7.24436 6.19131 4.11384 1.00419
7.4131 6.23213 4.15477 1.00176
7.58578 6.27348 4.19614 0.998965
7.76247 6.31538 4.23794 0.996319
7.94328 6.35784 4.28019 0.993827
8.12831 6.40085 4.32287 0.990954
8.31764 6.44443 4.36599 0.988163
8.51138 6.48858 4.40956 0.985313
8.70964 6.53332 4.45358 0.982356
8.91251 6.57865 4.49804 0.97957
9.12011 6.62457 4.54296 0.976551
9.33254 6.6711 4.58833 0.97352
9.54993 6.71824 4.63415 0.970632
9.77237 6.76601 4.68043 0.967461
10 6.8144 4.72717 0.964298
10.2329 6.86343 4.77437 0.961124
10.4713 6.9131 4.82203 0.958032
10.7152 6.96343 4.87015 0.954647
10.9648 7.01443 4.91874 0.951208
11.2202 7.06609 4.9678 0.947687
11.4815 7.11844 5.01733 0.94421
11.749 7.17148 5.06732 0.940864
12.0226 7.22522 5.1178 0.937518
12.3027 7.27967 5.16874 0.933817
12.5893 7.33484 5.22016 0.930406
12.8825 7.39073 5.27206 0.926728
13.1826 7.44737 5.32444 0.922917
13.4896 7.50475 5.37729 0.91919
13.8038 7.5629 5.43063 0.915491
14.1254 7.62181 5.48445 0.911518
14.4544 7.68151 5.53876 0.907668
14.7911 7.742 5.59355 0.903948
15.1356 7.80329 5.64883 0.899782
15.4882 7.8654 5.70459 0.896053
15.8489 7.92833 5.76085 0.89182
16.2181 7.99209 5.81759 0.887918
16.5959 8.05671 5.87482 0.883574
16.9824 8.12219 5.93255 0.879447
17.378 8.18854 5.99077 0.87541
17.7828 8.25578 6.04949 0.870969
18.197 8.32392 6.10869 0.866838
18.6209 8.39297 6.1684 0.862546
19.0546 8.46294 6.2286 0.858227
19.4984 8.53385 6.28929 0.853777
19.9526 8.60572 6.35049 0.849225
20.4174 8.67855 6.41218 0.844991
20.893 8.75236 6.47437 0.840239
21.3796 8.82716 6.53706 0.83563
21.8776 8.90298 6.60024 0.831271
22.3872 8.97981 6.66393 0.826583
22.9087 9.05769 6.72812 0.821903
23.4423 9.13662 6.7928 0.817017
23.9883 9.21662 6.85799 0.812418
24.5471 9.29771 6.92367 0.807602
25.1189 9.3799 6.98986 0.802964
25.704 9.46321 7.05654 0.798076
26.3027 9.54765 7.12372 0.79332
26.9153 9.63325 7.19141 0.78818
27.5423 9.72002 7.25959 0.783371
28.1838 9.80797 7.32827 0.778484
28.8403 9.89713 7.39744 0.773367
29.5121 9.98752 7.46712 0.768369
30.1995 10.0791 7.53728 0.763283
30.903 10.172 7.60795 0.758155
31.6228 10.2662 7.67911 0.753026
32.3594 10.3617 7.75077 0.747844
33.1131 10.4585 7.82291 0.742606
33.8844 10.5566 7.89555 0.73746
34.6737 10.6561 7.96868 0.732482
35.4813 10.757 8.0423 0.727063
36.3078 10.8593 8.11641 0.721741
37.1535 10.963 8.191 0.716542
38.0189 11.0682 8.26608 0.711196
38.9045 11.1748 8.34164 0.705859
39.8107 11.283 8.41769 0.700564
40.738 11.3927 8.49421 0.695151
41.6869 11.5039 8.57122 0.689769
42.658 11.6166 8.6487 0.684228
43.6516 11.731 8.72665 0.67885
44.6684 11.847 8.80508 0.673447
45.7088 11.9646 8.88397 0.667928
46.7735 12.084 8.96334 0.662445
47.863 12.205 9.04316 0.656989
48.9779 12.3277 9.12346 0.651329
50.1187 12.4522 9.20421 0.645879
51.2861 12.5785 9.28541 0.640252
52.4807 12.7066 9.36708 0.634906
53.7032 12.8365 9.44919 0.629108
54.9541 12.9683 9.53175 0.62372
56.2341 13.102 9.61476 0.618087
57.544 13.2377 9.69821 0.612526
58.8844 13.3753 9.78209 0.606779
60.256 13.5149 9.86642 0.601149
61.6595 13.6565 9.95117 0.595491
63.0957 13.8002 10.0364 0.589906
64.5654 13.9461 10.122 0.584382
66.0693 14.094 10.208 0.578717
67.6083 14.2441 10.2944 0.572984
69.1831 14.3965 10.3813 0.567325
70.7946 14.551 10.4685 0.561593
72.4436 14.7079 10.5562 0.55608
74.131 14.8671 10.6442 0.550238
75.8578 15.0286 10.7327 0.544581
77.6247 15.1926 10.8215 0.539156
79.4328 15.359 10.9108 0.53351
81.2831 15.5279 11.0004 0.527875
83.1764 15.6993 11.0904 0.522186
85.1138 15.8733 11.1807 0.516501
87.0964 16.0499 11.2714 0.510835
89.1251 16.2291 11.3625 0.505406
91.2011 16.4111 11.4539 0.499432
93.3254 16.5958 11.5457 0.493991
95.4993 16.7834 11.6378 0.488421
97.7237 16.9737 11.7302 0.482828
100 17.167 11.823 0.477244
102.329 17.3633 11.9161 0.471599
104.713 17.5625 12.0095 0.466053
107.152 17.7648 12.1033 0.460472
109.648 17.9702 12.1973 0.455006
112.202 18.1788 12.2916 0.449438
114.815 18.3906 12.3862 0.443858
117.49 18.6057 12.4811 0.43849
120.226 18.8242 12.5763 0.432902
123.027 19.046 12.6717 0.427566
125.893 19.2713 12.7675 0.422119
128.825 19.5001 12.8634 0.416822
131.826 19.7325 12.9596 0.411262
134.896 19.9686 13.0561 0.405797
138.038 20.2083 13.1527 0.400538
141.254 20.4519 13.2496 0.395398
144.544 20.6993 13.3468 0.389864
147.911 20.9507 13.4441 0.384631
151.356 21.206 13.5416 0.379153
154.882 21.4654 13.6393 0.373891
158.489 21.729 13.7372 0.368932
162.181 21.9967 13.8353 0.363726
165.959 22.2688 13.9335 0.358487
169.824 22.5453 14.0319 0.353369
173.78 22.8262 14.1304 0.348156
177.828 23.1117 14.2291 0.343108
181.97 23.4018 14.3279 0.338124
186.209 23.6966 14.4268 0.332953
190.546 23.9962 14.5258 0.328117
194.984 24.3007 14.625 0.323027
199.526 24.6102 14.7242 0.318283
204.174 24.9248 14.8235 0.31329
208.93 25.2445 14.9229 0.30825
213.796 25.5696 15.0223 0.303495
218.776 25.9 15.1218 0.298595
223.872 26.2358 15.2213 0.293843
229.087 26.5773 15.3208 0.289173
234.423 26.9245 15.4204 0.284281
239.883 27.2774 15.52 0.279656
245.471 27.6363 15.6196 0.275098
251.189 28.0012 15.7191 0.270602
257.04 28.3722 15.8186 0.265992
263.027 28.7495 15.9182 0.261252
269.153 29.1332 16.0176 0.256785
275.423 29.5234 16.117 0.252547
281.838 29.9203 16.2163 0.248017
288.403 30.3238 16.3156 0.2436
295.121 30.7343 16.4147 0.239433
301.995 31.1519 16.5138 0.235053
309.03 31.5765 16.6127 0.230887
316.228 32.0086 16.7115 0.226558
323.594 32.448 16.8102 0.222337
331.131 32.8951 16.9087 0.218469
338.844 33.3499 17.0071 0.214312
346.737 33.8127 17.1053 0.210042
354.813 34.2835 17.2033 0.206135
363.078 34.7625 17.3011 0.202303
371.535 35.25 17.3987 0.198226
380.189 35.746 17.496 0.19426
389.045 36.2507 17.5931 0.190338
398.107 36.7644 17.69 0.186515
407.38 37.2872 17.7866 0.183009
416.869 37.8192 17.883 0.179137
426.58 38.3607 17.979 0.175542
436.516 38.9119 18.0748 0.17197
446.684 39.473 18.1702 0.168218
457.088 40.0441 18.2653 0.164814
467.735 40.6255 18.3601 0.161351
478.63 41.2174 18.4545 0.157789
489.779 41.8199 18.5486 0.154428
501.187 42.4334 18.6423 0.151186
512.861 43.0581 18.7356 0.147738
524.807 43.6941 18.8285 0.144411
537.032 44.3418 18.9209 0.141114
549.541 45.0013 19.013 0.138156
562.341 45.6729 19.1046 0.134816
575.44 46.3569 19.1957 0.131582
588.844 47.0535 19.2864 0.12857
602.56 47.763 19.3765 0.125693
616.595 48.4857 19.4662 0.122576
630.957 49.2218 19.5554 0.119643
645.654 49.9717 19.644 0.116818
660.693 50.7355 19.7321 0.113925
676.083 51.5137 19.8197 0.111134
691.831 52.3065 19.9067 0.108294
707.946 53.1143 19.9931 0.10566
724.436 53.9373 20.0789 0.103054
741.31 54.7759 20.1642 0.100358
758.578 55.6305 20.2488 0.0978084
776.247 56.5013 20.3327 0.0952712
794.328 57.3887 20.4161 0.0926992
812.831 58.2931 20.4987 0.0900742
831.764 59.2149 20.5807 0.0877594
851.138 60.1544 20.6621 0.0852746
870.964 61.1121 20.7427 0.0830553
891.251 62.0882 20.8226 0.0806734
912.011 63.0833 20.9018 0.0785182
933.254 64.0977 20.9802 0.0763422
954.993 65.1319 21.0579 0.0740198
977.237 66.1864 21.1348 0.0718872
1000 67.2614 21.211 0.0697733
1023.29 68.3576 21.2864 0.0676108
1047.13 69.4754 21.3609 0.0656166
1071.52 70.6153 21.4347 0.0636669
1096.48 71.7777 21.5076 0.0618045
1122.02 72.9632 21.5797 0.0599196
1148.15 74.1723 21.651 0.0579591
1174.9 75.4055 21.7213 0.0562068
1202.26 76.6634 21.7908 0.0543252
1230.27 77.9465 21.8594 0.0526241
1258.93 79.2554 21.9272 0.0508514
1288.25 80.5907 21.994 0.049172
1318.26 81.953 22.0598 0.0474855
1348.96 83.3429 22.1248 0.0458617
1380.38 84.761 22.1888 0.0443177
1412.54 86.2081 22.2518 0.0427212
1445.44 87.6846 22.3139 0.041272
1479.11 89.1914 22.3749 0.0397508
1513.56 90.7291 22.435 0.038451
1548.82 92.2985 22.4941 0.0369301
1584.89 93.9002 22.5522 0.0354773
1621.81 95.5351 22.6092 0.0341563
1659.59 97.2039 22.6652 0.0328561
1698.24 98.9074 22.7202 0.0315281
1737.8 100.646 22.7741 0.0303155
1778.28 102.422 22.827 0.0291933
1819.7 104.234 22.8787 0.0279952
1862.09 106.085 22.9294 0.0268413
1905.46 107.974 22.979 0.0257284
1949.84 109.904 23.0275 0.0246279
1995.26 111.874 23.0748 0.0234649
2041.74 113.886 23.1211 0.0224884
2089.3 115.941 23.1662 0.0214711
2137.96 118.04 23.2101 0.020497
2187.76 120.183 23.2529 0.0194982
2238.72 122.373 23.2946 0.0186036
2290.87 124.61 23.3351 0.0176324
2344.23 126.894 23.3744 0.0167882
2398.83 129.228 23.4125 0.0159655
2454.71 131.613 23.4495 0.0150815
2511.89 134.05 23.4852 0.0144312
2570.4 136.539 23.5197 0.0134709
2630.27 139.083 23.5531 0.0127114
2691.53 141.682 23.5852 0.0119772
2754.23 144.339 23.616 0.0112817
2818.38 147.054 23.6457 0.0105638
2884.03 149.828 23.6741 0.00995944
2951.21 152.664 23.7013 0.00921586
3019.95 155.563 23.7272 0.00856882
3090.3 158.526 23.7519 0.00799664
3162.28 161.555 23.7753 0.0074562
3235.94 164.652 23.7974 0.00688717
3311.31 167.818 23.8183 0.00631574
3388.44 171.055 23.8379 0.00580725
3467.37 174.364 23.8562 0.005294
3548.13 177.749 23.8732 0.00476747
3630.78 181.209 23.889 0.00435382
3715.35 184.749 23.9034 0.0038856
3801.89 188.368 23.9166 0.00344008
3890.45 192.07 23.9285 0.0029817
3981.07 195.856 23.9391 0.00258609
4073.8 199.729 23.9483 0.00224699
4168.69 203.691 23.9563 0.00186071
4265.8 207.743 23.963 0.00148389
4365.16 211.889 23.9683 0.00113017
4466.84 216.131 23.9724 0.000750811
4570.88 220.471 23.9751 0.00045885
4677.35 224.912 23.9766 0.000127578
4786.3 229.456 23.9767 -0.000119134
4897.79 234.106 23.9755 -0.000438736
5011.87 238.864 23.973 -0.000668888
5128.61 243.734 23.9692 -0.000913938
5248.07 248.719 23.964 -0.00116679
5370.32 253.821 23.9576 -0.00135803
5495.41 259.043 23.9498 -0.00162949
5623.41 264.388 23.9408 -0.00179685
5754.4 269.861 23.9304 -0.00197914
5888.44 275.463 23.9187 -0.00216605
6025.6 281.199 23.9058 -0.00232104
6165.95 287.072 23.8915 -0.00248546
6309.57 293.086 23.8759 -0.00269422
6456.54 299.243 23.859 -0.00282983
6606.93 305.549 23.8409 -0.00291397
6760.83 312.007 23.8214 -0.00309389
6918.31 318.62 23.8006 -0.00319149
7079.46 325.394 23.7786 -0.00326945
7244.36 332.333 23.7553 -0.00345452
7413.1 339.44 23.7307 -0.00348373
7585.78 346.72 23.7049 -0.00360974
7762.47 354.178 23.6777 -0.00367605
7943.28 361.819 23.6493 -0.00373744
8128.31 369.648 23.6197 -0.00382182
8317.64 377.669 23.5888 -0.00389984
8511.38 385.888 23.5567 -0.00392585
8709.64 394.31 23.5233 -0.00395841
8912.51 402.94 23.4887 -0.00403132
9120.11 411.785 23.4528 -0.00407304
9332.54 420.85 23.4158 -0.0041084
9549.93 430.142 23.3775 -0.00414482
9772.37 439.665 23.338 -0.00414323
10000 449.427 23.2973 -0.00416097
