Pressure (Mbar) | Density (g cm^-3) | dP/dRho (Mbar g^-1 cm^3) | d^2P/dRho^2 (Mbar g^-2 cm^6)

1.000000e-05 1.775520e-03 0.005260 0.006324
1.023293e-05 1.803621e-03 0.005303 0.006324
1.047129e-05 1.832139e-03 0.005340 0.005463
1.071519e-05 1.861130e-03 0.005378 0.005560
1.096478e-05 1.890582e-03 0.005416 0.005595
1.122018e-05 1.920504e-03 0.005454 0.005632
1.148154e-05 1.950903e-03 0.005492 0.005580
1.174898e-05 1.981787e-03 0.005532 0.005781
1.202264e-05 2.013165e-03 0.005571 0.005762
1.230269e-05 2.045060e-03 0.005611 0.005769
1.258925e-05 2.077469e-03 0.005650 0.005806
1.288250e-05 2.110401e-03 0.005690 0.005841
1.318257e-05 2.143864e-03 0.005730 0.005879
1.348963e-05 2.177866e-03 0.005771 0.005913
1.380384e-05 2.212420e-03 0.005812 0.006028
1.412538e-05 2.247500e-03 0.005852 0.005863
1.445440e-05 2.283131e-03 0.005893 0.006078
1.479108e-05 2.319323e-03 0.005935 0.006124
1.513561e-05 2.356086e-03 0.005977 0.006171
1.548817e-05 2.393430e-03 0.006020 0.006214
1.584893e-05 2.431362e-03 0.006063 0.006260
1.621810e-05 2.469940e-03 0.006107 0.006561
1.659587e-05 2.509157e-03 0.006151 0.006316
1.698244e-05 2.549003e-03 0.006193 0.006167
1.737801e-05 2.589506e-03 0.006237 0.006413
1.778279e-05 2.630667e-03 0.006281 0.006450
1.819701e-05 2.672498e-03 0.006325 0.006486
1.862087e-05 2.715024e-03 0.006371 0.006624
1.905461e-05 2.758226e-03 0.006417 0.006784
1.949845e-05 2.802130e-03 0.006463 0.006611
1.995262e-05 2.846723e-03 0.006507 0.006431
2.041738e-05 2.892041e-03 0.006553 0.006723
2.089296e-05 2.938089e-03 0.006599 0.006765
2.137962e-05 2.984879e-03 0.006646 0.006839
2.187762e-05 3.032392e-03 0.006694 0.006924
2.238721e-05 3.080661e-03 0.006742 0.006968
2.290868e-05 3.129699e-03 0.006791 0.007155
2.344229e-05 3.179526e-03 0.006838 0.006970
2.398833e-05 3.230190e-03 0.006887 0.007099
2.454709e-05 3.281638e-03 0.006936 0.007109
2.511886e-05 3.333979e-03 0.006985 0.007207
2.570396e-05 3.387177e-03 0.007035 0.007242
2.630268e-05 3.441244e-03 0.007085 0.007282
2.691535e-05 3.496196e-03 0.007137 0.007514
2.754229e-05 3.552077e-03 0.007188 0.007422
2.818383e-05 3.608750e-03 0.007239 0.007379
2.884032e-05 3.666362e-03 0.007291 0.007596
2.951209e-05 3.724906e-03 0.007344 0.007641
3.019952e-05 3.784398e-03 0.007397 0.007689
3.090295e-05 3.844853e-03 0.007450 0.007742
3.162278e-05 3.906287e-03 0.007504 0.007868
3.235937e-05 3.968716e-03 0.007561 0.008240
3.311311e-05 4.032117e-03 0.007614 0.007755
3.388442e-05 4.096528e-03 0.007669 0.008027
3.467369e-05 4.161971e-03 0.007725 0.008084
3.548134e-05 4.228460e-03 0.007781 0.008141
3.630781e-05 4.296014e-03 0.007838 0.008202
3.715352e-05 4.364648e-03 0.007894 0.008256
3.801894e-05 4.434363e-03 0.007954 0.008701
3.890451e-05 4.505221e-03 0.008012 0.008450
3.981072e-05 4.577179e-03 0.008072 0.008589
4.073803e-05 4.650280e-03 0.008131 0.008655
4.168694e-05 4.724541e-03 0.008191 0.008724
4.265795e-05 4.799979e-03 0.008252 0.008788
4.365158e-05 4.876610e-03 0.008315 0.009147
4.466836e-05 4.954547e-03 0.008378 0.009271
4.570882e-05 5.033701e-03 0.008440 0.008918
4.677351e-05 5.114082e-03 0.008503 0.009201
4.786301e-05 5.195727e-03 0.008567 0.009279
4.897788e-05 5.278656e-03 0.008631 0.009352
5.011872e-05 5.362888e-03 0.008696 0.009428
5.128614e-05 5.448498e-03 0.008763 0.009764
5.248075e-05 5.535328e-03 0.008832 0.010096
5.370318e-05 5.623418e-03 0.008901 0.009949
5.495409e-05 5.712969e-03 0.008969 0.010014
5.623413e-05 5.803920e-03 0.009039 0.010097
5.754399e-05 5.896294e-03 0.009108 0.010182
5.888437e-05 5.990142e-03 0.009179 0.010327
6.025596e-05 6.085446e-03 0.009250 0.010343
6.165950e-05 6.182244e-03 0.009325 0.010850
6.309573e-05 6.280559e-03 0.009402 0.011226
6.456542e-05 6.380327e-03 0.009475 0.010710
6.606934e-05 6.481634e-03 0.009550 0.010995
6.760830e-05 6.584500e-03 0.009626 0.011096
6.918310e-05 6.688943e-03 0.009703 0.011208
7.079458e-05 6.794932e-03 0.009780 0.011362
7.244360e-05 6.902534e-03 0.009858 0.011465
7.413102e-05 7.011772e-03 0.009946 0.012785
7.585776e-05 7.122622e-03 0.010029 0.012230
7.762471e-05 7.235128e-03 0.010112 0.012214
7.943282e-05 7.349076e-03 0.010195 0.012310
8.128305e-05 7.463973e-03 0.010282 0.012780
8.317638e-05 7.580325e-03 0.010369 0.013004
8.511380e-05 7.698139e-03 0.010458 0.013229
8.709636e-05 7.817421e-03 0.010554 0.014501
8.912509e-05 7.938205e-03 0.010653 0.014796
9.120108e-05 8.060421e-03 0.010746 0.014020
9.332543e-05 8.186302e-03 0.010838 0.013645
9.549926e-05 8.314579e-03 0.010932 0.013893
9.772372e-05 8.445107e-03 0.011026 0.013914
1.000000e-04 8.577918e-03 0.011120 0.013953
1.023293e-04 8.713048e-03 0.011218 0.014390
1.047129e-04 8.850540e-03 0.011324 0.015591
1.071519e-04 8.989987e-03 0.011427 0.015152
1.096478e-04 9.130483e-03 0.011529 0.015226
1.122018e-04 9.272977e-03 0.011633 0.015425
1.148154e-04 9.417495e-03 0.011738 0.015617
1.174898e-04 9.564064e-03 0.011844 0.015814
1.202264e-04 9.712711e-03 0.011951 0.016009
1.230269e-04 9.863461e-03 0.012068 0.017472
1.258925e-04 1.001634e-02 0.012190 0.018180
1.288250e-04 1.017126e-02 0.012305 0.017343
1.318257e-04 1.032837e-02 0.012422 0.017551
1.348963e-04 1.048770e-02 0.012540 0.017770
1.380384e-04 1.064926e-02 0.012660 0.017998
1.412538e-04 1.081310e-02 0.012781 0.018219
1.445440e-04 1.097924e-02 0.012904 0.018662
1.479108e-04 1.114760e-02 0.013047 0.021638
1.513561e-04 1.131824e-02 0.013179 0.020030
1.548817e-04 1.149100e-02 0.013311 0.020071
1.584893e-04 1.166608e-02 0.013445 0.020349
1.621810e-04 1.184351e-02 0.013580 0.020632
1.659587e-04 1.202333e-02 0.013717 0.020954
1.698244e-04 1.220555e-02 0.013856 0.021175
1.737801e-04 1.239017e-02 0.014009 0.023462
1.778279e-04 1.257746e-02 0.014174 0.025347
1.819701e-04 1.276700e-02 0.014321 0.022683
1.862087e-04 1.295898e-02 0.014474 0.023629
1.905461e-04 1.315347e-02 0.014629 0.023846
1.949845e-04 1.335052e-02 0.014784 0.024126
1.995262e-04 1.355000e-02 0.014943 0.024588
2.041738e-04 1.375219e-02 0.015102 0.024691
2.089296e-04 1.395702e-02 0.015285 0.028545
2.137962e-04 1.416452e-02 0.015467 0.028473
2.187762e-04 1.437436e-02 0.015642 0.027381
2.238721e-04 1.458689e-02 0.015818 0.027646
2.290868e-04 1.393268e-02 -0.093460 5.483665
2.344229e-04 1.413066e-02 0.018464 18.265407
2.398833e-04 1.433831e-02 0.018650 0.029388
2.454709e-04 1.454874e-02 0.018839 0.029760
2.511886e-04 1.476200e-02 0.019029 0.030139
2.570396e-04 1.497811e-02 0.019226 0.031183
2.630268e-04 1.519718e-02 0.019421 0.030997
2.691535e-04 1.541894e-02 0.019620 0.031618
2.754229e-04 1.564360e-02 0.019821 0.032041
2.818383e-04 1.587120e-02 0.020025 0.032468
2.884032e-04 1.610178e-02 0.020238 0.034055
2.951209e-04 1.633535e-02 0.020460 0.035404
3.019952e-04 1.657191e-02 0.020676 0.034620
3.090295e-04 1.681156e-02 0.020894 0.035006
3.162278e-04 1.705438e-02 0.021120 0.036184
3.235937e-04 1.730025e-02 0.021341 0.035549
3.311311e-04 1.754930e-02 0.021573 0.037343
3.388442e-04 1.780151e-02 0.021804 0.037428
3.467369e-04 1.805690e-02 0.022039 0.037967
3.548134e-04 1.831553e-02 0.022277 0.038500
3.630781e-04 1.857744e-02 0.022518 0.039037
3.715352e-04 1.884267e-02 0.022767 0.040420
3.801894e-04 1.911125e-02 0.023024 0.041839
3.890451e-04 1.938328e-02 0.023279 0.041515
3.981072e-04 1.965855e-02 0.023537 0.042190
4.073803e-04 1.993722e-02 0.023799 0.042799
4.168694e-04 2.021933e-02 0.024064 0.043418
4.265795e-04 2.050492e-02 0.024334 0.044442
4.365158e-04 2.079402e-02 0.024611 0.045562
4.466836e-04 2.108669e-02 0.024898 0.047197
4.570882e-04 2.138296e-02 0.025180 0.046497
4.677351e-04 2.168287e-02 0.025465 0.047189
4.786301e-04 2.198645e-02 0.025754 0.047875
4.897788e-04 2.229375e-02 0.026056 0.050045
5.011872e-04 2.260479e-02 0.026368 0.051926
5.128614e-04 2.291959e-02 0.026675 0.050996
5.248075e-04 2.323798e-02 0.026986 0.051989
5.370318e-04 2.356017e-02 0.027302 0.052772
5.495409e-04 2.388619e-02 0.027621 0.053567
5.623413e-04 2.421609e-02 0.027955 0.056025
5.754399e-04 2.454975e-02 0.028295 0.057148
5.888437e-04 2.488742e-02 0.028634 0.057225
6.025596e-04 2.522904e-02 0.028978 0.058089
6.165950e-04 2.557465e-02 0.029327 0.058982
6.309573e-04 2.592414e-02 0.029677 0.059352
6.456542e-04 2.627771e-02 0.030047 0.062965
6.606934e-04 2.663547e-02 0.030428 0.064957
6.760830e-04 2.699701e-02 0.030804 0.064147
6.918310e-04 2.736267e-02 0.031185 0.065138
7.079458e-04 2.773249e-02 0.031570 0.066167
7.244360e-04 2.810651e-02 0.031961 0.067213
7.413102e-04 2.848477e-02 0.032376 0.071371
7.585776e-04 2.886695e-02 0.032781 0.069951
7.762471e-04 2.925351e-02 0.033195 0.071642
7.943282e-04 2.964435e-02 0.033614 0.072803
8.128305e-04 3.003952e-02 0.034040 0.073978
8.317638e-04 3.043907e-02 0.034471 0.075176
8.511380e-04 3.084303e-02 0.034912 0.076999
8.709636e-04 3.125146e-02 0.035367 0.079578
8.912509e-04 3.166438e-02 0.035833 0.081869
9.120108e-04 3.208193e-02 0.036294 0.080994
9.332543e-04 3.250413e-02 0.036762 0.082340
9.549926e-04 3.293104e-02 0.037236 0.083648
9.772372e-04 3.336269e-02 0.037727 0.086798
1.000000e-03 3.379913e-02 0.038236 0.090196
1.023293e-03 3.423980e-02 0.038744 0.090329
1.047129e-03 3.468498e-02 0.039256 0.091364
1.071519e-03 3.513486e-02 0.039776 0.092890
1.096478e-03 3.558948e-02 0.040304 0.094451
1.122018e-03 3.604887e-02 0.040844 0.096917
1.148154e-03 3.651308e-02 0.041405 0.101023
1.174898e-03 3.698237e-02 0.041974 0.102552
1.202264e-03 3.745647e-02 0.042547 0.103563
1.230269e-03 3.793474e-02 0.043112 0.102697
1.258925e-03 3.841867e-02 0.043710 0.108577
1.288250e-03 3.890769e-02 0.044302 0.107739
1.318257e-03 3.940185e-02 0.044925 0.113715
1.348963e-03 3.990131e-02 0.045559 0.115841
1.380384e-03 4.040523e-02 0.046190 0.115729
1.412538e-03 4.091425e-02 0.046830 0.117671
1.445440e-03 4.142843e-02 0.047479 0.119695
1.479108e-03 4.194780e-02 0.048138 0.121752
1.513561e-03 4.247242e-02 0.048821 0.126627
1.548817e-03 4.300233e-02 0.049532 0.132056
1.584893e-03 4.353706e-02 0.050246 0.133013
1.621810e-03 4.407720e-02 0.050965 0.134231
1.659587e-03 4.462266e-02 0.051694 0.136580
1.698244e-03 4.517347e-02 0.052435 0.138988
1.737801e-03 4.572963e-02 0.053172 0.138629
1.778279e-03 4.629111e-02 0.053954 0.147665
1.819701e-03 4.685798e-02 0.054746 0.149749
1.862087e-03 4.743007e-02 0.055536 0.149950
1.905461e-03 4.800771e-02 0.056338 0.152565
1.949845e-03 4.859096e-02 0.057152 0.155249
1.995262e-03 4.917984e-02 0.057979 0.157980
2.041738e-03 4.977442e-02 0.058834 0.163776
2.089296e-03 5.037473e-02 0.059718 0.169938
2.137962e-03 5.098018e-02 0.060609 0.171578
2.187762e-03 5.159142e-02 0.061506 0.173381
2.238721e-03 5.220837e-02 0.062417 0.176489
2.290868e-03 5.283109e-02 0.063342 0.179640
2.344229e-03 5.345961e-02 0.064282 0.182890
2.398833e-03 5.409399e-02 0.065246 0.188257
2.454709e-03 5.473431e-02 0.066239 0.194326
2.511886e-03 5.538024e-02 0.067271 0.202531
2.570396e-03 5.603203e-02 0.068285 0.199569
2.630268e-03 5.668983e-02 0.069316 0.203263
2.691535e-03 5.735369e-02 0.070362 0.206942
2.754229e-03 5.802364e-02 0.071425 0.210685
2.818383e-03 5.869974e-02 0.072520 0.217721
2.884032e-03 5.938204e-02 0.073652 0.225601
2.951209e-03 6.007060e-02 0.074798 0.228755
3.019952e-03 6.076471e-02 0.075950 0.230994
3.090295e-03 6.146499e-02 0.077121 0.235205
3.162278e-03 6.217148e-02 0.078310 0.239552
3.235937e-03 6.288421e-02 0.079517 0.243878
3.311311e-03 6.360324e-02 0.080751 0.249876
3.388442e-03 6.432862e-02 0.082013 0.256318
3.467369e-03 6.506063e-02 0.083301 0.262150
3.548134e-03 6.579817e-02 0.084627 0.270812
3.630781e-03 6.654267e-02 0.085944 0.269431
3.715352e-03 6.729370e-02 0.087282 0.274692
3.801894e-03 6.805129e-02 0.088643 0.279767
3.890451e-03 6.881550e-02 0.090033 0.286734
3.981072e-03 6.958638e-02 0.091491 0.301240
4.073803e-03 7.036461e-02 0.092983 0.308919
4.168694e-03 7.114807e-02 0.094465 0.308161
4.265795e-03 7.193812e-02 0.095970 0.313770
4.365158e-03 7.273482e-02 0.097499 0.319698
4.466836e-03 7.353820e-02 0.099053 0.325735
4.570882e-03 7.434832e-02 0.100639 0.333324
4.677351e-03 7.516522e-02 0.102275 0.344791
4.786301e-03 7.598886e-02 0.103946 0.353066
4.897788e-03 7.681988e-02 0.105633 0.357034
5.011872e-03 7.765707e-02 0.107313 0.356875
5.128614e-03 7.850177e-02 0.109082 0.376627
5.248075e-03 7.935355e-02 0.110839 0.374912
5.370318e-03 8.021248e-02 0.112626 0.382171
5.495409e-03 8.107859e-02 0.114491 0.399836
5.623413e-03 8.195194e-02 0.116413 0.413060
5.754399e-03 8.283222e-02 0.118350 0.417419
5.888437e-03 8.371878e-02 0.120297 0.421076
6.025596e-03 8.461245e-02 0.122275 0.429017
6.165950e-03 8.551326e-02 0.124286 0.437277
6.309573e-03 8.642127e-02 0.126331 0.445692
6.456542e-03 8.733652e-02 0.128389 0.449881
6.606934e-03 8.825908e-02 0.130529 0.468923
6.760830e-03 8.918940e-02 0.132728 0.482979
6.918310e-03 9.012703e-02 0.134953 0.489717
7.079458e-03 9.107201e-02 0.137214 0.499111
7.244360e-03 9.202254e-02 0.139510 0.509301
7.413102e-03 9.298259e-02 0.141813 0.510922
7.585776e-03 9.395042e-02 0.144159 0.521589
7.762471e-03 9.492605e-02 0.146559 0.535068
7.943282e-03 9.590955e-02 0.149040 0.554082
8.128305e-03 9.690137e-02 0.151574 0.567099
8.317638e-03 9.790018e-02 0.154112 0.569891
8.511380e-03 9.890692e-02 0.156691 0.580529
8.709636e-03 9.992165e-02 0.159314 0.591633
8.912509e-03 1.009444e-01 0.161980 0.602946
9.120108e-03 1.019753e-01 0.164692 0.614470
9.332543e-03 1.030143e-01 0.167429 0.621838
9.549926e-03 1.040615e-01 0.170262 0.644823
9.772372e-03 1.051175e-01 0.173166 0.662418
1.000000e-02 1.061812e-01 0.176098 0.670367
1.023293e-02 1.072531e-01 0.179077 0.682996
1.047129e-02 1.083319e-01 0.182021 0.677335
1.071519e-02 1.094202e-01 0.185149 0.720521
1.096478e-02 1.105170e-01 0.188259 0.717971
1.122018e-02 1.116223e-01 0.191423 0.732115
1.148154e-02 1.127362e-01 0.194669 0.752653
1.174898e-02 1.138593e-01 0.197996 0.772837
1.202264e-02 1.149903e-01 0.201342 0.779391
1.230269e-02 1.161301e-01 0.204743 0.793972
1.258925e-02 1.172786e-01 0.208201 0.809157
1.288250e-02 1.184360e-01 0.211718 0.824627
1.318257e-02 1.196024e-01 0.215295 0.840387
1.348963e-02 1.207777e-01 0.218878 0.843663
1.380384e-02 1.219621e-01 0.222512 0.857373
1.412538e-02 1.231562e-01 0.226221 0.876721
1.445440e-02 1.243600e-01 0.230039 0.903670
1.479108e-02 1.255733e-01 0.233922 0.920915
1.513561e-02 1.267959e-01 0.237871 0.938389
1.548817e-02 1.280260e-01 0.241849 0.948876
1.584893e-02 1.292679e-01 0.245895 0.965035
1.621810e-02 1.305197e-01 0.249991 0.978758
1.659587e-02 1.317812e-01 0.254198 1.006844
1.698244e-02 1.330528e-01 0.258474 1.025429
1.737801e-02 1.343350e-01 0.262869 1.055254
1.778279e-02 1.356262e-01 0.267289 1.063832
1.819701e-02 1.369276e-01 0.271781 1.083204
1.862087e-02 1.382390e-01 0.276350 1.103491
1.905461e-02 1.395607e-01 0.280995 1.124156
1.949845e-02 1.408926e-01 0.285719 1.145204
1.995262e-02 1.422348e-01 0.290438 1.145952
2.041738e-02 1.435874e-01 0.295330 1.190280
2.089296e-02 1.449518e-01 0.300369 1.226842
2.137962e-02 1.463260e-01 0.305447 1.239092
2.187762e-02 1.477109e-01 0.310610 1.261985
2.238721e-02 1.491064e-01 0.315861 1.285690
2.290868e-02 1.505107e-01 0.321160 1.301712
2.344229e-02 1.519278e-01 0.326556 1.325923
2.398833e-02 1.533559e-01 0.332024 1.345706
2.454709e-02 1.547952e-01 0.337640 1.384305
2.511886e-02 1.562456e-01 0.343350 1.409728
2.570396e-02 1.577078e-01 0.349211 1.448940
2.630268e-02 1.591802e-01 0.355110 1.461465
2.691535e-02 1.606639e-01 0.361105 1.487972
2.754229e-02 1.621590e-01 0.367203 1.515743
2.818383e-02 1.636656e-01 0.373404 1.544031
2.884032e-02 1.651837e-01 0.379711 1.572847
2.951209e-02 1.667134e-01 0.386066 1.587482
3.019952e-02 1.682548e-01 0.392557 1.624131
3.090295e-02 1.698079e-01 0.399154 1.653093
3.162278e-02 1.713741e-01 0.405932 1.699934
3.235937e-02 1.729513e-01 0.412799 1.725883
3.311311e-02 1.745405e-01 0.419781 1.757673
3.388442e-02 1.761417e-01 0.426882 1.790476
3.467369e-02 1.777535e-01 0.434043 1.810102
3.548134e-02 1.793790e-01 0.441358 1.850328
3.630781e-02 1.810168e-01 0.448782 1.880912
3.715352e-02 1.826670e-01 0.456360 1.922672
3.801894e-02 1.843303e-01 0.464122 1.971653
3.890451e-02 1.860058e-01 0.471962 1.994955
3.981072e-02 1.876941e-01 0.479933 2.031466
4.073803e-02 1.893952e-01 0.488041 2.069121
4.168694e-02 1.911092e-01 0.496287 2.107476
4.265795e-02 1.928362e-01 0.504673 2.146545
4.365158e-02 1.945763e-01 0.513203 2.186341
4.466836e-02 1.963295e-01 0.521736 2.190501
4.570882e-02 1.980959e-01 0.530385 2.223509
4.677351e-02 1.998764e-01 0.539199 2.268221
4.786301e-02 2.016710e-01 0.548249 2.331141
4.897788e-02 2.034794e-01 0.557455 2.374626
5.011872e-02 2.053016e-01 0.566818 2.418093
5.128614e-02 2.071377e-01 0.576339 2.462362
5.248075e-02 2.089866e-01 0.585971 2.495731
5.370318e-02 2.108507e-01 0.595792 2.546551
5.495409e-02 2.127290e-01 0.605616 2.550561
5.623413e-02 2.146216e-01 0.615520 2.574487
5.754399e-02 2.165294e-01 0.625593 2.620939
5.888437e-02 2.184530e-01 0.635966 2.700357
6.025596e-02 2.203917e-01 0.646517 2.749885
6.165950e-02 2.223455e-01 0.657246 2.799034
6.309573e-02 2.243145e-01 0.668155 2.849076
6.456542e-02 2.262988e-01 0.679248 2.900027
6.606934e-02 2.282986e-01 0.690527 2.951903
6.760830e-02 2.303139e-01 0.701706 2.928712
6.918310e-02 2.323448e-01 0.712952 2.949509
7.079458e-02 2.343915e-01 0.724312 2.982771
7.244360e-02 2.364571e-01 0.736194 3.118074
7.413102e-02 2.385390e-01 0.748232 3.162148
7.585776e-02 2.406375e-01 0.760468 3.216721
7.762471e-02 2.427527e-01 0.772907 3.272608
7.943282e-02 2.448848e-01 0.785551 3.329488
8.128305e-02 2.470331e-01 0.798366 3.378068
8.317638e-02 2.491985e-01 0.811198 3.385590
8.511380e-02 2.513809e-01 0.823858 3.343131
8.709636e-02 2.535806e-01 0.836627 3.374620
8.912509e-02 2.558016e-01 0.849948 3.517435
9.120108e-02 2.580407e-01 0.863561 3.596469
9.332543e-02 2.602983e-01 0.877395 3.656842
9.549926e-02 2.625743e-01 0.891453 3.718173
9.772372e-02 2.648689e-01 0.905739 3.780555
1.000000e-01 2.671823e-01 0.920256 3.844007
1.023293e-01 2.695146e-01 0.934885 3.875621
1.047129e-01 2.718659e-01 0.949316 3.825315
1.071519e-01 2.742364e-01 0.963871 3.860330
1.096478e-01 2.766293e-01 0.978800 3.956844
1.122018e-01 2.790422e-01 0.994131 4.064626
1.148154e-01 2.814753e-01 1.009709 4.131507
1.174898e-01 2.839290e-01 1.025531 4.197639
1.202264e-01 2.864033e-01 1.041604 4.265160
1.230269e-01 2.888984e-01 1.057929 4.333792
1.258925e-01 2.914160e-01 1.074866 4.494724
1.288250e-01 2.939524e-01 1.091231 4.348129
1.318257e-01 2.965099e-01 1.107737 4.387136
1.348963e-01 2.990894e-01 1.124502 4.456697
1.380384e-01 3.016929e-01 1.141917 4.626549
1.412538e-01 3.043186e-01 1.159616 4.703229
1.445440e-01 3.069665e-01 1.177593 4.777634
1.479108e-01 3.096370e-01 1.195850 4.853246
1.513561e-01 3.123302e-01 1.214393 4.930085
1.548817e-01 3.150463e-01 1.233225 5.008173
1.584893e-01 3.177855e-01 1.252166 5.037900
1.621810e-01 3.205478e-01 1.271207 5.065780
1.659587e-01 3.233336e-01 1.290479 5.128216
1.698244e-01 3.261451e-01 1.310205 5.246455
1.737801e-01 3.289810e-01 1.330264 5.334697
1.778279e-01 3.318414e-01 1.350632 5.417482
1.819701e-01 3.347264e-01 1.371320 5.502709
1.862087e-01 3.376364e-01 1.392322 5.586747
1.905461e-01 3.405715e-01 1.413647 5.673074
1.949845e-01 3.435318e-01 1.435356 5.775735
1.995262e-01 3.465176e-01 1.457560 5.908020
2.041738e-01 3.495293e-01 1.480174 6.017069
2.089296e-01 3.525670e-01 1.502348 5.900412
2.137962e-01 3.556309e-01 1.525483 6.156445
2.187762e-01 3.587207e-01 1.548967 6.250593
2.238721e-01 3.618368e-01 1.572816 6.349268
2.290868e-01 3.649793e-01 1.597037 6.449560
2.344229e-01 3.681484e-01 1.621636 6.551495
2.398833e-01 3.713443e-01 1.646618 6.655100
2.454709e-01 3.745673e-01 1.671259 6.565493
2.511886e-01 3.778174e-01 1.696697 6.779466
2.570396e-01 3.810987e-01 1.723010 7.006622
2.630268e-01 3.844045e-01 1.749378 7.029450
2.691535e-01 3.877383e-01 1.776133 7.134425
2.754229e-01 3.911002e-01 1.803303 7.246383
2.818383e-01 3.944906e-01 1.830892 7.360149
2.884032e-01 3.979095e-01 1.858909 7.475752
2.951209e-01 4.013572e-01 1.887359 7.593228
3.019952e-01 4.048340e-01 1.915108 7.407585
3.090295e-01 4.083401e-01 1.943323 7.534156
3.162278e-01 4.118758e-01 1.971701 7.579282
3.235937e-01 4.154440e-01 2.001243 7.885659
3.311311e-01 4.190412e-01 2.031013 7.950897
3.388442e-01 4.226744e-01 2.062161 8.307933
3.467369e-01 4.263337e-01 2.092005 7.971568
3.548134e-01 4.300238e-01 2.123417 8.392651
3.630781e-01 4.337449e-01 2.155275 8.513987
3.715352e-01 4.374973e-01 2.187152 8.520875
3.801894e-01 4.412812e-01 2.217674 8.161051
3.890451e-01 4.450968e-01 2.248238 8.173916
3.981072e-01 4.489505e-01 2.279860 8.446092
4.073803e-01 4.528366e-01 2.312811 8.803276
4.168694e-01 4.567565e-01 2.346247 8.932665
4.265795e-01 4.607103e-01 2.380160 9.059791
4.365158e-01 4.646985e-01 2.414556 9.188629
4.466836e-01 4.687212e-01 2.449441 9.319202
4.570882e-01 4.727789e-01 2.484823 9.451531
4.677351e-01 4.768718e-01 2.518565 9.013452
4.786301e-01 4.810004e-01 2.550818 8.615014
4.897788e-01 4.851655e-01 2.582852 8.555051
5.011872e-01 4.893790e-01 2.618213 9.415888
5.128614e-01 4.936317e-01 2.654144 9.562111
5.248075e-01 4.979239e-01 2.690561 9.685624
5.370318e-01 5.022560e-01 2.727472 9.810878
5.495409e-01 5.066461e-01 2.768457 10.844062
5.623413e-01 5.110951e-01 2.804845 9.583269
5.754399e-01 5.155932e-01 2.844152 10.328983
5.888437e-01 5.201410e-01 2.878073 8.894103
6.025596e-01 5.247395e-01 2.910845 8.573152
6.165950e-01 5.293655e-01 2.937119 6.892537
6.309573e-01 5.340890e-01 2.972384 9.140729
6.456542e-01 5.388729e-01 3.008273 9.267209
6.606934e-01 5.437185e-01 3.044429 9.299725
6.760830e-01 5.486273e-01 3.080847 9.330137
6.918310e-01 5.536005e-01 3.117523 9.358362
7.079458e-01 5.586395e-01 3.168247 12.889923
7.244360e-01 5.637457e-01 3.196564 7.165933
7.413102e-01 5.688672e-01 3.211717 3.858054
7.585776e-01 5.741565e-01 3.246018 8.533879
7.762471e-01 5.795267e-01 3.280950 8.639774
7.943282e-01 5.849797e-01 3.316002 8.617953
8.128305e-01 5.904959e-01 3.349901 8.316471
8.317638e-01 5.961185e-01 3.382987 8.038951
8.511380e-01 6.018336e-01 3.416383 8.059324
8.709636e-01 6.076431e-01 3.450840 8.258736
8.912509e-01 6.135488e-01 3.482050 7.430141
9.120108e-01 6.195392e-01 3.509283 6.453789
9.332543e-01 6.256529e-01 3.541138 7.469347
9.549926e-01 6.318716e-01 3.573349 7.499117
9.772372e-01 6.381968e-01 3.605546 7.442923
1.000000e+00 6.446305e-01 3.637718 7.385443
1.023293e+00 6.511746e-01 3.669857 7.326603
1.047129e+00 6.578314e-01 3.702801 7.458243
1.071519e+00 6.646031e-01 3.735056 7.251808
1.096478e+00 6.714920e-01 3.766452 7.010402
1.122018e+00 6.784889e-01 3.797477 6.891617
1.148154e+00 6.856050e-01 3.828523 6.851475
1.174898e+00 6.928433e-01 3.859434 6.777247
1.202264e+00 7.002063e-01 3.890196 6.700547
1.230269e+00 7.075998e-01 3.902140 2.618310
1.258925e+00 7.150389e-01 3.932121 6.600785
1.288250e+00 7.225811e-01 3.963522 6.891032
1.318257e+00 7.302967e-01 4.012644 10.648976
1.348963e+00 7.380504e-01 4.048446 7.805647
1.380384e+00 7.459071e-01 4.083747 7.676265
1.412538e+00 7.538676e-01 4.119176 7.684716
1.445440e+00 7.619337e-01 4.154727 7.691637
1.479108e+00 7.701074e-01 4.156396 0.360045
1.513561e+00 7.783878e-01 4.197760 8.905571
1.548817e+00 7.869456e-01 4.275532 16.377708
1.584893e+00 7.954221e-01 4.314252 8.321551
1.621810e+00 8.040084e-01 4.352063 8.108830
1.659587e+00 8.127028e-01 4.390051 8.132394
1.698244e+00 8.215071e-01 4.428212 8.154896
1.737801e+00 8.304233e-01 4.466544 8.176205
1.778279e+00 8.394532e-01 4.480538 2.979505
1.819701e+00 8.485951e-01 4.537561 12.122034
1.862087e+00 8.579393e-01 4.611213 15.486209
1.905461e+00 8.672264e-01 4.654740 9.308591
1.949845e+00 8.766203e-01 4.698063 9.259114
1.995262e+00 8.861199e-01 4.741709 9.323998
2.041738e+00 8.957265e-01 4.785679 9.389492
2.089296e+00 9.055112e-01 4.846341 12.856357
2.137962e+00 9.153536e-01 4.900388 11.511482
2.187762e+00 9.253061e-01 4.953901 11.394328
2.238721e+00 9.353369e-01 5.005897 11.103838
2.290868e+00 9.454690e-01 5.058352 11.210148
2.344229e+00 9.557002e-01 5.111373 11.342880
2.398833e+00 9.660301e-01 5.164973 11.480110
2.454709e+00 9.764580e-01 5.219166 11.622117
2.511886e+00 9.869831e-01 5.287709 14.720883
2.570396e+00 9.976024e-01 5.346219 12.589024
2.630268e+00 1.008300e+00 5.392920 10.081660
2.691535e+00 1.019098e+00 5.451552 12.674129
2.754229e+00 1.029987e+00 5.511082 12.896548
2.818383e+00 1.040963e+00 5.571352 13.091980
2.884032e+00 1.052021e+00 5.632397 13.302091
2.951209e+00 1.063159e+00 5.709487 16.855420
3.019952e+00 1.074385e+00 5.765411 12.259338
3.090295e+00 1.085679e+00 5.816693 11.291295
3.162278e+00 1.097102e+00 5.879976 13.921776
3.235937e+00 1.109011e+00 5.980624 21.465836
3.311311e+00 1.121079e+00 6.044126 13.510094
3.388442e+00 1.133311e+00 6.108797 13.722613
3.467369e+00 1.145709e+00 6.173952 13.788956
3.548134e+00 1.158275e+00 6.257561 17.647911
3.630781e+00 1.171013e+00 6.327484 14.720778
3.715352e+00 1.183809e+00 6.377351 10.565646
3.801894e+00 1.196889e+00 6.445155 14.207909
3.890451e+00 1.210151e+00 6.513978 14.380473
3.981072e+00 1.223598e+00 6.583309 14.445989
4.073803e+00 1.237233e+00 6.653146 14.511060
4.168694e+00 1.251059e+00 6.737028 17.380545
4.265795e+00 1.265078e+00 6.809709 15.018040
4.365158e+00 1.279242e+00 6.874371 13.372923
4.466836e+00 1.293657e+00 6.947307 14.987118
4.570882e+00 1.308275e+00 7.020836 15.067759
4.677351e+00 1.323099e+00 7.094866 15.129015
4.786301e+00 1.338079e+00 7.160679 13.460957
4.897788e+00 1.353220e+00 7.235186 15.246820
5.011872e+00 1.368558e+00 7.312325 15.759093
5.128614e+00 1.384135e+00 7.399366 17.707885
5.248075e+00 1.399873e+00 7.479478 16.315488
5.370318e+00 1.415812e+00 7.560049 16.386574
5.495409e+00 1.431955e+00 7.641356 16.513622
5.623413e+00 1.448304e+00 7.723403 16.641236
5.754399e+00 1.464862e+00 7.793023 14.101421
5.888437e+00 1.481633e+00 7.879490 17.489798
6.025596e+00 1.498682e+00 7.979682 20.163728
6.165950e+00 1.515869e+00 8.066065 17.443872
6.309573e+00 1.533271e+00 8.152955 17.527020
6.456542e+00 1.550893e+00 8.240664 17.672936
6.606934e+00 1.568738e+00 8.329119 17.803392
6.760830e+00 1.586808e+00 8.411142 16.490178
6.918310e+00 1.605107e+00 8.507218 19.293817
7.079458e+00 1.623643e+00 8.605760 19.761985
7.244360e+00 1.642331e+00 8.691952 17.342202
7.413102e+00 1.661221e+00 8.785181 18.769795
7.585776e+00 1.680342e+00 8.878938 18.863631
7.762471e+00 1.699696e+00 8.973588 19.031099
7.943282e+00 1.719285e+00 9.078461 21.073241
8.128305e+00 1.739112e+00 9.178230 20.034913
8.317638e+00 1.759136e+00 9.267656 17.986155
8.511380e+00 1.779439e+00 9.367063 19.946668
8.709636e+00 1.799989e+00 9.467634 20.167996
8.912509e+00 1.820788e+00 9.569175 20.350540
9.120108e+00 1.841840e+00 9.671695 20.534457
9.332543e+00 1.863149e+00 9.787328 23.147302
9.549926e+00 1.884716e+00 9.894010 21.343215
9.772372e+00 1.906516e+00 9.995031 20.226683
1.000000e+01 1.928603e+00 10.103690 21.721320
1.023293e+01 1.950957e+00 10.213490 21.938451
1.047129e+01 1.973628e+00 10.333942 24.005632
1.071519e+01 1.996642e+00 10.447411 22.536313
1.096478e+01 2.019949e+00 10.561157 22.567777
1.122018e+01 2.043553e+00 10.682287 24.007593
1.148154e+01 2.067463e+00 10.807846 24.854898
1.174898e+01 2.091643e+00 10.929045 24.000044
1.202264e+01 2.116124e+00 11.051335 24.199111
1.230269e+01 2.140909e+00 11.174885 24.430962
1.258925e+01 2.166003e+00 11.299705 24.664301
1.288250e+01 2.191409e+00 11.421963 24.140361
1.318257e+01 2.217132e+00 11.559999 27.235666
1.348963e+01 2.243184e+00 11.703727 28.330452
1.380384e+01 2.269504e+00 11.837589 26.423839
1.412538e+01 2.296142e+00 11.972668 26.654068
1.445440e+01 2.323103e+00 12.109166 26.924076
1.479108e+01 2.350392e+00 12.247351 27.245826
1.513561e+01 2.377955e+00 12.387305 27.640277
1.548817e+01 2.405833e+00 12.535348 29.246711
1.584893e+01 2.434082e+00 12.698715 32.224243
1.621810e+01 2.462586e+00 12.851268 30.171687
1.659587e+01 2.491407e+00 13.005325 30.486701
1.698244e+01 2.520548e+00 13.161311 30.886137
1.737801e+01 2.550013e+00 13.319250 31.290950
1.778279e+01 2.579805e+00 13.469303 29.745874
1.819701e+01 2.609928e+00 13.637299 33.321788
1.862087e+01 2.640413e+00 13.815443 35.322787
1.905461e+01 2.671179e+00 13.983970 33.496447
1.949845e+01 2.702280e+00 14.154390 33.899480
1.995262e+01 2.733717e+00 14.327009 34.364165
2.041738e+01 2.765464e+00 14.496626 33.825610
2.089296e+01 2.797541e+00 14.677713 36.155755
2.137962e+01 2.829967e+00 14.862034 36.828710
2.187762e+01 2.862687e+00 15.035545 34.754045
2.238721e+01 2.895795e+00 15.218785 36.691774
2.290868e+01 2.929263e+00 15.404665 37.246999
2.344229e+01 2.963092e+00 15.592928 37.751888
2.398833e+01 2.997288e+00 15.783608 38.263810
2.454709e+01 3.031853e+00 15.991719 41.791804
2.511886e+01 3.066792e+00 16.188814 39.608140
2.570396e+01 3.102063e+00 16.378150 38.124453
2.630268e+01 3.137764e+00 16.581477 40.912852
2.691535e+01 3.173851e+00 16.787587 41.502684
2.754229e+01 3.210326e+00 16.996416 42.080172
2.818383e+01 3.247176e+00 17.206372 42.358648
2.884032e+01 3.284459e+00 17.420714 43.231476
2.951209e+01 3.322153e+00 17.638246 43.894086
3.019952e+01 3.360227e+00 17.849295 42.644538
3.090295e+01 3.398741e+00 18.069000 44.390384
3.162278e+01 3.437677e+00 18.291672 45.011098
3.235937e+01 3.477041e+00 18.517158 45.601944
3.311311e+01 3.516836e+00 18.745497 46.200592
3.388442e+01 3.557067e+00 18.986011 48.687321
3.467369e+01 3.597740e+00 19.224184 48.236228
3.548134e+01 3.638829e+00 19.459132 47.637945
3.630781e+01 3.680382e+00 19.700474 48.941401
3.715352e+01 3.722388e+00 19.944859 49.584141
3.801894e+01 3.764851e+00 20.192354 50.240955
3.890451e+01 3.807789e+00 20.444242 51.143280
3.981072e+01 3.851161e+00 20.700614 52.120601
4.073803e+01 3.895002e+00 20.956055 51.962008
4.168694e+01 3.939296e+00 21.211776 52.070895
4.265795e+01 3.984097e+00 21.475194 53.635803
4.365158e+01 4.029382e+00 21.742141 54.383753
4.466836e+01 4.075158e+00 22.012529 55.113863
4.570882e+01 4.121429e+00 22.286401 55.854009
4.677351e+01 4.168200e+00 22.563804 56.604334
4.786301e+01 4.215477e+00 22.837856 55.950170
4.897788e+01 4.263264e+00 23.109872 55.563947
5.011872e+01 4.311587e+00 23.388924 57.008554
5.128614e+01 4.360461e+00 23.673892 58.213129
5.248075e+01 4.409874e+00 23.962447 58.963664
5.370318e+01 4.459858e+00 24.257459 60.269806
5.495409e+01 4.510366e+00 24.555250 60.888539
5.623413e+01 4.561428e+00 24.844696 59.203375
5.754399e+01 4.613049e+00 25.131555 58.695244
5.888437e+01 4.665280e+00 25.428025 60.632097
6.025596e+01 4.718118e+00 25.731960 62.141023
6.165950e+01 4.771551e+00 26.039656 62.913995
6.309573e+01 4.825585e+00 26.351058 63.675693
6.456542e+01 4.880228e+00 26.666211 64.446690
6.606934e+01 4.935486e+00 26.971975 62.530675
6.760830e+01 4.991366e+00 27.265024 59.934188
6.918310e+01 5.047930e+00 27.567348 61.776273
7.079458e+01 5.105190e+00 27.882500 64.334423
7.244360e+01 5.163123e+00 28.201319 65.058160
7.413102e+01 5.221744e+00 28.524470 65.907774
7.585776e+01 5.281031e+00 28.851690 66.736545
7.762471e+01 5.341010e+00 29.163109 63.494059
7.943282e+01 5.401690e+00 29.453282 59.143764
8.128305e+01 5.463154e+00 29.753960 61.189935
8.317638e+01 5.525449e+00 30.073080 64.808297
8.511380e+01 5.588516e+00 30.395598 65.433027
8.709636e+01 5.652368e+00 30.721163 65.985585
8.912509e+01 5.717013e+00 31.049799 66.541413
9.120108e+01 5.782464e+00 31.373870 65.551636
9.332543e+01 5.848732e+00 31.660442 57.908309
9.549926e+01 5.915872e+00 31.948819 58.174771
9.772372e+01 5.984013e+00 32.265329 63.635636
1.000000e+02 6.053057e+00 32.584702 64.102789
1.023293e+02 6.123037e+00 32.907471 64.655613
1.047129e+02 6.193971e+00 33.228575 64.191148
1.071519e+02 6.265867e+00 33.558849 65.897156
1.096478e+02 6.338738e+00 33.873771 62.712849
1.122018e+02 6.412544e+00 34.174197 59.755788
1.148154e+02 6.487466e+00 34.496752 63.938464
1.174898e+02 6.563430e+00 34.821695 64.272573
1.202264e+02 6.640451e+00 35.148538 64.507583
1.230269e+02 6.718548e+00 35.477269 64.738447
1.258925e+02 6.797737e+00 35.823059 67.948870
1.288250e+02 6.878038e+00 36.160651 66.191892
1.318257e+02 6.959423e+00 36.490870 64.639219
1.348963e+02 7.041975e+00 36.828141 65.857239
1.380384e+02 7.125732e+00 37.176093 67.760255
1.412538e+02 7.210639e+00 37.511578 65.215515
1.445440e+02 7.296742e+00 37.858047 67.207664
1.479108e+02 7.384059e+00 38.210742 68.269673
1.513561e+02 7.472612e+00 38.570935 69.571832
1.548817e+02 7.562393e+00 38.929836 69.195233
1.584893e+02 7.653422e+00 39.288338 68.990480
1.621810e+02 7.745731e+00 39.648849 69.239234
1.659587e+02 7.839341e+00 40.011431 69.497746
1.698244e+02 7.934274e+00 40.376071 69.752278
1.737801e+02 8.030552e+00 40.760587 73.406351
1.778279e+02 8.128196e+00 41.160842 76.256596
1.819701e+02 8.227119e+00 41.545407 73.200751
1.862087e+02 8.327400e+00 41.929004 72.904289
1.905461e+02 8.429109e+00 42.312122 72.666846
1.949845e+02 8.532167e+00 42.704261 74.300871
1.995262e+02 8.636656e+00 43.104936 75.795930
2.041738e+02 8.742596e+00 43.525487 79.427265
2.089296e+02 8.849979e+00 43.945066 79.138514
2.137962e+02 8.958781e+00 44.359425 78.082230
2.187762e+02 9.069075e+00 44.776580 78.500432
2.238721e+02 9.180882e+00 45.196718 78.951907
2.290868e+02 9.294227e+00 45.619845 79.402840
2.344229e+02 9.409132e+00 46.069460 84.255968
2.398833e+02 9.525622e+00 46.519158 84.153473
2.454709e+02 9.643615e+00 46.955298 81.575055
2.511886e+02 9.763237e+00 47.399617 82.988785
2.570396e+02 9.884493e+00 47.847268 83.507715
2.630268e+02 1.000746e+01 48.300887 84.479787
2.691535e+02 1.013208e+01 48.762527 85.894508
2.754229e+02 1.025840e+01 49.244355 89.538617
2.818383e+02 1.038640e+01 49.722235 88.739195
2.884032e+02 1.051612e+01 50.199315 88.503665
2.951209e+02 1.064760e+01 50.680152 89.104079
3.019952e+02 1.078087e+01 51.164800 89.713112
3.090295e+02 1.091596e+01 51.653278 90.323981
3.162278e+02 1.105289e+01 52.168367 95.140847
3.235937e+02 1.119170e+01 52.701424 98.352474
3.311311e+02 1.133227e+01 53.221695 95.974158
3.388442e+02 1.147470e+01 53.743770 96.243663
3.467369e+02 1.161904e+01 54.270268 96.981442
3.548134e+02 1.176531e+01 54.800047 97.508303
3.630781e+02 1.191354e+01 55.339085 99.133985
3.715352e+02 1.206376e+01 55.902362 103.509287
3.801894e+02 1.221596e+01 56.469263 104.112365
3.890451e+02 1.237013e+01 57.030976 103.129779
3.981072e+02 1.252635e+01 57.597600 103.965721
4.073803e+02 1.268464e+01 58.169365 104.842699
4.168694e+02 1.284503e+01 58.746313 105.725900
4.265795e+02 1.300755e+01 59.350396 110.628310
4.365158e+02 1.317223e+01 59.959410 111.460585
4.466836e+02 1.333900e+01 60.555624 109.118506
4.570882e+02 1.350797e+01 61.163244 111.146479
4.677351e+02 1.367917e+01 61.776582 112.138253
4.786301e+02 1.385262e+01 62.395676 113.135846
4.897788e+02 1.402837e+01 63.030364 115.916809
5.011872e+02 1.420643e+01 63.678259 118.280047
5.128614e+02 1.438678e+01 64.323604 117.793227
5.248075e+02 1.456949e+01 64.974032 118.674690
5.370318e+02 1.475460e+01 65.630730 119.768250
5.495409e+02 1.494214e+01 66.293705 120.862593
5.623413e+02 1.513214e+01 66.963015 121.966152
5.754399e+02 1.532464e+01 67.660412 127.030960
5.888437e+02 1.551964e+01 68.357467 126.936284
6.025596e+02 1.571714e+01 69.054894 126.990129
6.165950e+02 1.591722e+01 69.758993 128.166380
6.309573e+02 1.611991e+01 70.470041 129.392067
6.456542e+02 1.632524e+01 71.188016 130.612927
6.606934e+02 1.653325e+01 71.925690 134.156062
6.760830e+02 1.674398e+01 72.672307 135.736266
6.918310e+02 1.695739e+01 73.420674 136.060882
7.079458e+02 1.717356e+01 74.175537 137.214848
7.244360e+02 1.739253e+01 74.938010 138.569053
7.413102e+02 1.761434e+01 75.708134 139.930306
7.585776e+02 1.783903e+01 76.497814 143.453549
7.762471e+02 1.806663e+01 77.290528 143.974487
7.943282e+02 1.829711e+01 78.079380 143.287437
8.128305e+02 1.853060e+01 78.882756 145.881160
8.317638e+02 1.876711e+01 79.694288 147.337193
8.511380e+02 1.900669e+01 80.514006 148.798344
8.709636e+02 1.924936e+01 81.342093 150.291893
8.912509e+02 1.949517e+01 82.187515 153.411909
9.120108e+02 1.974416e+01 83.048676 156.246212
9.332543e+02 1.999625e+01 83.907971 155.953793
9.549926e+02 2.025158e+01 84.776280 157.577246
9.772372e+02 2.051019e+01 85.653436 159.169986
1.000000e+03 2.077213e+01 86.539568 160.786200
1.023293e+03 2.103743e+01 87.444956 164.266965
1.047129e+03 2.130614e+01 88.360273 166.055202
1.071519e+03 2.157824e+01 89.275209 166.013365
1.096478e+03 2.185386e+01 90.203342 168.381398
1.122018e+03 2.213301e+01 91.141144 170.127692
1.148154e+03 2.241574e+01 92.088642 171.878375
1.174898e+03 2.270209e+01 93.053204 174.965793
1.202264e+03 2.299212e+01 94.033592 177.828150
1.230269e+03 2.328583e+01 95.019237 178.794598
1.258925e+03 2.358331e+01 96.017709 181.109425
1.288250e+03 2.388459e+01 97.007897 179.613900
1.318257e+03 2.418971e+01 98.022616 184.063233
1.348963e+03 2.449873e+01 99.047707 185.944323
1.380384e+03 2.481169e+01 100.093485 189.696623
1.412538e+03 2.512861e+01 101.140881 190.015630
1.445440e+03 2.544959e+01 102.201505 192.410376
1.479108e+03 2.577466e+01 103.273365 194.452985
1.513561e+03 2.610388e+01 104.356520 196.506292
1.548817e+03 2.643730e+01 105.451089 198.581484
1.584893e+03 2.677496e+01 106.560495 201.277563
1.621810e+03 2.711693e+01 107.685979 204.199101
1.659587e+03 2.746322e+01 108.819182 205.626904
1.698244e+03 2.781390e+01 109.961974 207.386983
1.737801e+03 2.816909e+01 111.123594 210.784206
