Pressure (Mbar) | Density (g cm^-3) | dP/dRho (Mbar g^-1 cm^3) | d^2P/dRho^2 (Mbar g^-2 cm^6) 

0.000010 8.682502 0.188201 0.099685
0.000010 8.682502 0.188201 0.099689
0.000010 8.682502 0.188201 0.099685
0.000011 8.682502 0.188202 0.099685
0.000011 8.682513 0.188202 0.099692
0.000011 8.682513 0.188202 0.099692
0.000011 8.682513 0.188202 0.099685
0.000012 8.682513 0.188202 0.099685
0.000012 8.682513 0.188202 0.099685
0.000012 8.682513 0.188202 0.099689
0.000013 8.682513 0.188203 0.099685
0.000013 8.682523 0.188203 0.099685
0.000013 8.682523 0.188203 0.099685
0.000013 8.682523 0.188203 0.099689
0.000014 8.682523 0.188203 0.099685
0.000014 8.682523 0.188203 0.099689
0.000014 8.682523 0.188204 0.099689
0.000015 8.682523 0.188204 0.099685
0.000015 8.682534 0.188204 0.099685
0.000015 8.682534 0.188204 0.099689
0.000016 8.682534 0.188204 0.099685
0.000016 8.682534 0.188205 0.099689
0.000017 8.682534 0.188205 0.099689
0.000017 8.682544 0.188205 0.099685
0.000017 8.682544 0.188205 0.099689
0.000018 8.682544 0.188205 0.099685
0.000018 8.682544 0.188206 0.099685
0.000019 8.682544 0.188206 0.099685
0.000019 8.682555 0.188206 0.099686
0.000019 8.682555 0.188206 0.099686
0.000020 8.682555 0.188207 0.099686
0.000020 8.682555 0.188207 0.099686
0.000021 8.682566 0.188207 0.099690
0.000021 8.682566 0.188207 0.099690
0.000022 8.682566 0.188208 0.099686
0.000022 8.682566 0.188208 0.099690
0.000023 8.682576 0.188208 0.099686
0.000023 8.682576 0.188208 0.099686
0.000024 8.682576 0.188209 0.099690
0.000025 8.682576 0.188209 0.099690
0.000025 8.682587 0.188209 0.099690
0.000026 8.682587 0.188210 0.099686
0.000026 8.682587 0.188210 0.099686
0.000027 8.682597 0.188210 0.099686
0.000028 8.682597 0.188210 0.099686
0.000028 8.682597 0.188210 0.099690
0.000029 8.682608 0.188210 0.099690
0.000030 8.682608 0.188211 0.099690
0.000030 8.682608 0.188211 0.099690
0.000031 8.682618 0.188211 0.099690
0.000032 8.682618 0.188212 0.099686
0.000032 8.682618 0.188212 0.099690
0.000033 8.682629 0.188212 0.099687
0.000034 8.682629 0.188213 0.099687
0.000035 8.682639 0.188213 0.099690
0.000035 8.682639 0.188214 0.099687
0.000036 8.682639 0.188214 0.099687
0.000037 8.682650 0.188215 0.099687
0.000038 8.682650 0.188215 0.099690
0.000039 8.682660 0.188216 0.099694
0.000040 8.682660 0.188216 0.099690
0.000041 8.682671 0.188217 0.099687
0.000042 8.682671 0.188217 0.099690
0.000043 8.682681 0.188218 0.099687
0.000044 8.682681 0.188218 0.099687
0.000045 8.682692 0.188219 0.099687
0.000046 8.682692 0.188219 0.099691
0.000047 8.682702 0.188220 0.099688
0.000048 8.682702 0.188220 0.099688
0.000049 8.682713 0.188221 0.099688
0.000050 8.682713 0.188221 0.099688
0.000051 8.682723 0.188222 0.099688
0.000052 8.682734 0.188223 0.099684
0.000054 8.682734 0.188223 0.099691
0.000055 8.682744 0.188224 0.099699
0.000056 8.682744 0.188225 0.099684
0.000058 8.682755 0.188225 0.099688
0.000059 8.682766 0.188226 0.099689
0.000060 8.682766 0.188227 0.099692
0.000062 8.682775 0.188228 0.099689
0.000063 8.682785 0.188228 0.099689
0.000065 8.682796 0.188229 0.099689
0.000066 8.682796 0.188230 0.099689
0.000068 8.682807 0.188230 0.099692
0.000069 8.682817 0.188231 0.099692
0.000071 8.682828 0.188231 0.099692
0.000072 8.682838 0.188232 0.099693
0.000074 8.682849 0.188233 0.099690
0.000076 8.682849 0.188234 0.099690
0.000078 8.682859 0.188235 0.099697
0.000079 8.682870 0.188236 0.099690
0.000081 8.682880 0.188237 0.099697
0.000083 8.682891 0.188238 0.099686
0.000085 8.682901 0.188239 0.099690
0.000087 8.682912 0.188240 0.099690
0.000089 8.682922 0.188241 0.099690
0.000091 8.682933 0.188242 0.099694
0.000093 8.682943 0.188243 0.099690
0.000095 8.682954 0.188245 0.099690
0.000098 8.682964 0.188246 0.099691
0.000100 8.682985 0.188247 0.099691
0.000102 8.682996 0.188248 0.099695
0.000105 8.683007 0.188249 0.099695
0.000107 8.683017 0.188250 0.099695
0.000110 8.683028 0.188251 0.099699
0.000112 8.683049 0.188252 0.099692
0.000115 8.683059 0.188254 0.099692
0.000117 8.683070 0.188255 0.099689
0.000120 8.683091 0.188257 0.099692
0.000123 8.683101 0.188258 0.099693
0.000126 8.683122 0.188260 0.099697
0.000129 8.683133 0.188261 0.099693
0.000132 8.683153 0.188263 0.099697
0.000135 8.683164 0.188264 0.099697
0.000138 8.683185 0.188266 0.099690
0.000141 8.683195 0.188268 0.099698
0.000145 8.683216 0.188270 0.099694
0.000148 8.683237 0.188270 0.099698
0.000151 8.683258 0.188272 0.099699
0.000155 8.683270 0.188274 0.099699
0.000158 8.683290 0.188276 0.099695
0.000162 8.683311 0.188278 0.099700
0.000166 8.683332 0.188280 0.099700
0.000170 8.683353 0.188282 0.099704
0.000174 8.683374 0.188284 0.099700
0.000178 8.683395 0.188286 0.099701
0.000182 8.683416 0.188288 0.099701
0.000186 8.683437 0.188290 0.099697
0.000191 8.683458 0.188292 0.099694
0.000195 8.683490 0.188294 0.099702
0.000200 8.683511 0.188297 0.099702
0.000204 8.683532 0.188299 0.099699
0.000209 8.683562 0.188302 0.099703
0.000214 8.683583 0.188304 0.099700
0.000219 8.683616 0.188307 0.099704
0.000224 8.683637 0.188310 0.099704
0.000229 8.683668 0.188311 0.099701
0.000234 8.683700 0.188314 0.099701
0.000240 8.683721 0.188317 0.099702
0.000245 8.683752 0.188320 0.099698
0.000251 8.683784 0.188323 0.099698
0.000257 8.683815 0.188326 0.099703
0.000263 8.683847 0.188329 0.099707
0.000269 8.683878 0.188331 0.099708
0.000275 8.683909 0.188335 0.099704
0.000282 8.683951 0.188338 0.099705
0.000288 8.683983 0.188342 0.099709
0.000295 8.684014 0.188345 0.099706
0.000302 8.684056 0.188349 0.099706
0.000309 8.684089 0.188352 0.099710
0.000316 8.684131 0.188355 0.099707
0.000324 8.684173 0.188359 0.099708
0.000331 8.684203 0.188363 0.099712
0.000339 8.684245 0.188367 0.099709
0.000347 8.684288 0.188371 0.099717
0.000355 8.684330 0.188375 0.099713
0.000363 8.684381 0.188379 0.099714
0.000372 8.684423 0.188384 0.099715
0.000380 8.684465 0.188388 0.099715
0.000389 8.684519 0.188392 0.099709
0.000398 8.684561 0.188397 0.099710
0.000407 8.684613 0.188402 0.099718
0.000417 8.684665 0.188407 0.099718
0.000427 8.684718 0.188411 0.099723
0.000437 8.684771 0.188416 0.099720
0.000447 8.684823 0.188421 0.099717
0.000457 8.684875 0.188427 0.099717
0.000468 8.684938 0.188432 0.099718
0.000479 8.684991 0.188437 0.099719
0.000490 8.685054 0.188443 0.099724
0.000501 8.685106 0.188449 0.099725
0.000513 8.685170 0.188454 0.099726
0.000525 8.685233 0.188461 0.099727
0.000537 8.685306 0.188467 0.099728
0.000550 8.685369 0.188473 0.099725
0.000562 8.685432 0.188480 0.099726
0.000575 8.685505 0.188487 0.099730
0.000589 8.685579 0.188493 0.099731
0.000603 8.685653 0.188500 0.099729
0.000617 8.685726 0.188507 0.099726
0.000631 8.685800 0.188514 0.099734
0.000646 8.685873 0.188522 0.099735
0.000661 8.685957 0.188530 0.099736
0.000676 8.686041 0.188537 0.099741
0.000692 8.686125 0.188545 0.099739
0.000708 8.686209 0.188553 0.099744
0.000724 8.686294 0.188561 0.099737
0.000741 8.686387 0.188570 0.099738
0.000759 8.686472 0.188578 0.099748
0.000776 8.686565 0.188588 0.099745
0.000794 8.686670 0.188596 0.099746
0.000813 8.686766 0.188606 0.099744
0.000832 8.686860 0.188615 0.099749
0.000851 8.686965 0.188625 0.099750
0.000871 8.687070 0.188635 0.099748
0.000891 8.687176 0.188646 0.099750
0.000912 8.687290 0.188656 0.099759
0.000933 8.687406 0.188667 0.099756
0.000955 8.687522 0.188677 0.099758
0.000977 8.687637 0.188689 0.099760
0.001000 8.687752 0.188700 0.099757
0.001023 8.687879 0.188711 0.099759
0.001047 8.688004 0.188724 0.099761
0.001072 8.688130 0.188736 0.099767
0.001096 8.688267 0.188749 0.099769
0.001122 8.688403 0.188762 0.099770
0.001148 8.688540 0.188774 0.099772
0.001175 8.688686 0.188789 0.099770
0.001202 8.688824 0.188802 0.099776
0.001230 8.688981 0.188816 0.099774
0.001259 8.689128 0.188830 0.099784
0.001288 8.689285 0.188845 0.099787
0.001318 8.689443 0.188860 0.099789
0.001349 8.689601 0.188876 0.099787
0.001380 8.689769 0.188891 0.099790
0.001413 8.689937 0.188908 0.099791
0.001445 8.690115 0.188925 0.099794
0.001479 8.690293 0.188941 0.099796
0.001514 8.690472 0.188959 0.099799
0.001549 8.690661 0.188976 0.099802
0.001585 8.690850 0.188994 0.099808
0.001622 8.691050 0.189013 0.099803
0.001660 8.691249 0.189032 0.099810
0.001698 8.691448 0.189051 0.099812
0.001738 8.691659 0.189071 0.099815
0.001778 8.691879 0.189091 0.099818
0.001820 8.692100 0.189112 0.099821
0.001862 8.692321 0.189134 0.099825
0.001905 8.692551 0.189155 0.099831
0.001950 8.692782 0.189178 0.099834
0.001995 8.693024 0.189201 0.099834
0.002042 8.693265 0.189224 0.099838
0.002089 8.693517 0.189248 0.099841
0.002138 8.693779 0.189272 0.099849
0.002188 8.694042 0.189297 0.099852
0.002239 8.694315 0.189323 0.099860
0.002291 8.694588 0.189350 0.099852
0.002344 8.694872 0.189376 0.099860
0.002399 8.695155 0.189404 0.099864
0.002455 8.695449 0.189431 0.099868
0.002512 8.695753 0.189460 0.099876
0.002570 8.696057 0.189490 0.099884
0.002630 8.696373 0.189520 0.099885
0.002692 8.696698 0.189550 0.099885
0.002754 8.697035 0.189582 0.099890
0.002818 8.697371 0.189614 0.099894
0.002884 8.697717 0.189647 0.099899
0.002951 8.698074 0.189681 0.099904
0.003020 8.698431 0.189715 0.099913
0.003090 8.698798 0.189750 0.099918
0.003162 8.699186 0.189787 0.099923
0.003236 8.699575 0.189824 0.099932
0.003311 8.699964 0.189861 0.099934
0.003388 8.700374 0.189900 0.099940
0.003467 8.700794 0.189939 0.099942
0.003548 8.701214 0.189980 0.099951
0.003631 8.701654 0.190021 0.099957
0.003715 8.702096 0.190064 0.099964
0.003802 8.702547 0.190107 0.099970
0.003890 8.703020 0.190151 0.099980
0.003981 8.703491 0.190197 0.099979
0.004074 8.703976 0.190243 0.099986
0.004169 8.704479 0.190290 0.099996
0.004266 8.704993 0.190339 0.100008
0.004365 8.705508 0.190390 0.100014
0.004467 8.706043 0.190440 0.100014
0.004571 8.706590 0.190492 0.100022
0.004677 8.707146 0.190545 0.100033
0.004786 8.707724 0.190600 0.100045
0.004898 8.708302 0.190655 0.100053
0.005012 8.708899 0.190712 0.100062
0.005129 8.709518 0.190770 0.100066
0.005248 8.710138 0.190830 0.100079
0.005370 8.710779 0.190891 0.100091
0.005495 8.711440 0.190954 0.100096
0.005623 8.712112 0.191018 0.100106
0.005754 8.712795 0.191083 0.100115
0.005888 8.713498 0.191150 0.100121
0.006026 8.714212 0.191218 0.100131
0.006166 8.714947 0.191289 0.100145
0.006310 8.715693 0.191360 0.100159
0.006457 8.716470 0.191433 0.100170
0.006607 8.717247 0.191509 0.100172
0.006761 8.718056 0.191585 0.100188
0.006918 8.718874 0.191663 0.100203
0.007079 8.719714 0.191744 0.100210
0.007244 8.720575 0.191826 0.100223
0.007413 8.721458 0.191910 0.100238
0.007586 8.722361 0.191995 0.100250
0.007762 8.723274 0.192083 0.100260
0.007943 8.724218 0.192173 0.100272
0.008128 8.725175 0.192265 0.100286
0.008318 8.726161 0.192359 0.100311
0.008511 8.727170 0.192455 0.100313
0.008710 8.728198 0.192553 0.100328
0.008913 8.729259 0.192654 0.100346
0.009120 8.730330 0.192757 0.100361
0.009333 8.731433 0.192863 0.100376
0.009550 8.732556 0.192970 0.100395
0.009772 8.733710 0.193081 0.100408
0.010000 8.734887 0.193193 0.100424
0.010233 8.736094 0.193309 0.100444
0.010471 8.737333 0.193427 0.100465
0.010715 8.738593 0.193547 0.100478
0.010965 8.739875 0.193670 0.100496
0.011220 8.741198 0.193797 0.100510
0.011482 8.742541 0.193926 0.100532
0.011749 8.743927 0.194058 0.100555
0.012023 8.745335 0.194192 0.100567
0.012303 8.746774 0.194330 0.100594
0.012589 8.748253 0.194472 0.100610
0.012882 8.749755 0.194616 0.100631
0.013183 8.751299 0.194764 0.100660
0.013490 8.752873 0.194915 0.100674
0.013804 8.754479 0.195070 0.100700
0.014125 8.756129 0.195228 0.100722
0.014454 8.757819 0.195390 0.100742
0.014791 8.759541 0.195555 0.100773
0.015136 8.761305 0.195724 0.100793
0.015488 8.763101 0.195897 0.100822
0.015849 8.764938 0.196073 0.100843
0.016218 8.766829 0.196254 0.100876
0.016596 8.768749 0.196439 0.100899
0.016982 8.770713 0.196629 0.100926
0.017378 8.772730 0.196822 0.100953
0.017783 8.774776 0.197019 0.100985
0.018197 8.776887 0.197221 0.101010
0.018621 8.779029 0.197428 0.101047
0.019055 8.781223 0.197639 0.101077
0.019498 8.783470 0.197855 0.101099
0.019953 8.785770 0.198076 0.101134
0.020417 8.788112 0.198302 0.101170
0.020893 8.790505 0.198533 0.101203
0.021380 8.792952 0.198770 0.101232
0.021878 8.795462 0.199010 0.101267
0.022387 8.798024 0.199258 0.101310
0.022909 8.800638 0.199510 0.101341
0.023442 8.803305 0.199768 0.101385
0.023988 8.806035 0.200031 0.101414
0.024547 8.808828 0.200302 0.101460
0.025119 8.811685 0.200577 0.101498
0.025704 8.814603 0.200859 0.101530
0.026303 8.817575 0.201147 0.101570
0.026915 8.820620 0.201442 0.101623
0.027542 8.823728 0.201743 0.101661
0.028184 8.826909 0.202050 0.101709
0.028840 8.830153 0.202365 0.101752
0.029512 8.833472 0.202687 0.101801
0.030199 8.836864 0.203015 0.101843
0.030903 8.840328 0.203351 0.101890
0.031623 8.843856 0.203694 0.101941
0.032359 8.847467 0.204045 0.101993
0.033113 8.851164 0.204404 0.102043
0.033884 8.854934 0.204770 0.102093
0.034674 8.858788 0.205145 0.102146
0.035481 8.862714 0.205528 0.102194
0.036308 8.866736 0.205918 0.102260
0.037154 8.870840 0.206318 0.102307
0.038019 8.875031 0.206727 0.102367
0.038904 8.879304 0.207144 0.102420
0.039811 8.883683 0.207570 0.102483
0.040738 8.888145 0.208006 0.102547
0.041687 8.892702 0.208451 0.102608
0.042658 8.897353 0.208906 0.102677
0.043652 8.902100 0.209370 0.102741
0.044668 8.906951 0.209846 0.102801
0.045709 8.911906 0.210330 0.102871
0.046774 8.916957 0.210827 0.102938
0.047863 8.922123 0.211332 0.103007
0.048978 8.927394 0.211850 0.103081
0.050119 8.932770 0.212378 0.103151
0.051286 8.938262 0.212917 0.103229
0.052481 8.943869 0.213469 0.103302
0.053703 8.949580 0.214031 0.103382
0.054954 8.955419 0.214606 0.103463
0.056234 8.961372 0.215193 0.103542
0.057544 8.967451 0.215792 0.103626
0.058884 8.973657 0.216405 0.103703
0.060256 8.979988 0.217030 0.103794
0.061660 8.986446 0.217670 0.103870
0.063096 8.993030 0.218321 0.103961
0.064565 8.999749 0.218987 0.104053
0.066069 9.006606 0.219667 0.104143
0.067608 9.013609 0.220361 0.104247
0.069183 9.020739 0.221070 0.104335
0.070795 9.028016 0.221793 0.104430
0.072444 9.035439 0.222531 0.104530
0.074131 9.043009 0.223286 0.104633
0.075858 9.050727 0.224055 0.104732
0.077625 9.058602 0.224841 0.104838
0.079433 9.066634 0.225643 0.104947
0.081283 9.074814 0.226461 0.105048
0.083176 9.083161 0.227296 0.105164
0.085114 9.091666 0.228150 0.105273
0.087096 9.100340 0.229019 0.105389
0.089125 9.109180 0.229907 0.105497
0.091201 9.118200 0.230813 0.105621
0.093325 9.127378 0.231737 0.105738
0.095499 9.136744 0.232681 0.105862
0.097724 9.146287 0.233643 0.105991
0.100000 9.156000 0.234626 0.106115
0.102329 9.165912 0.235627 0.106246
0.104713 9.176003 0.236649 0.106368
0.107152 9.186293 0.237691 0.106502
0.109648 9.196772 0.238755 0.106638
0.112202 9.207439 0.239840 0.106777
0.114815 9.218307 0.240946 0.106922
0.117490 9.229384 0.242074 0.107061
0.120226 9.240661 0.243225 0.107206
0.123027 9.252149 0.244398 0.107350
0.125893 9.263845 0.245595 0.107504
0.128825 9.275753 0.246815 0.107651
0.131826 9.287880 0.248060 0.107806
0.134896 9.300228 0.249329 0.107963
0.138038 9.312797 0.250622 0.108117
0.141254 9.325596 0.251940 0.108283
0.144544 9.338627 0.253285 0.108443
0.147911 9.351878 0.254654 0.108610
0.151356 9.365370 0.256051 0.108779
0.154882 9.379104 0.257475 0.108950
0.158489 9.393068 0.258926 0.109124
0.162181 9.407296 0.260405 0.109300
0.165959 9.421755 0.261911 0.109484
0.169824 9.436476 0.263448 0.109661
0.173780 9.451439 0.265012 0.109850
0.177828 9.466674 0.266607 0.110042
0.181970 9.482162 0.268231 0.110221
0.186209 9.497912 0.269887 0.110408
0.190546 9.513935 0.271572 0.110617
0.194984 9.530231 0.273290 0.110804
0.199526 9.546789 0.275040 0.111009
0.204174 9.563642 0.276823 0.111206
0.208930 9.580756 0.278638 0.111410
0.213796 9.598166 0.280487 0.111629
0.218776 9.615869 0.282370 0.111833
0.223872 9.633856 0.284288 0.112051
0.229087 9.652135 0.286240 0.112267
0.234423 9.670711 0.288229 0.112485
0.239883 9.689589 0.290252 0.112706
0.245471 9.708773 0.292314 0.112935
0.251189 9.728260 0.294412 0.113161
0.257040 9.748063 0.296549 0.113395
0.263027 9.768182 0.298723 0.113621
0.269153 9.788614 0.300936 0.113860
0.275423 9.809362 0.303190 0.114103
0.281838 9.830447 0.305483 0.114342
0.288403 9.851856 0.307816 0.114584
0.295121 9.873591 0.310191 0.114835
0.301995 9.895673 0.312609 0.115081
0.309030 9.918079 0.315068 0.115326
0.316228 9.940844 0.317570 0.115585
0.323594 9.963943 0.320116 0.115846
0.331131 9.987390 0.322707 0.116110
0.338844 10.011193 0.325341 0.116370
0.346737 10.035354 0.328022 0.116644
0.354813 10.059882 0.330749 0.116904
0.363078 10.084766 0.333523 0.117184
0.371535 10.110009 0.336344 0.117454
0.380189 10.135629 0.339213 0.117728
0.389045 10.161627 0.342131 0.118010
0.398107 10.188003 0.345099 0.118287
0.407380 10.214757 0.348116 0.118574
0.416869 10.241889 0.351185 0.118857
0.426580 10.269421 0.354305 0.119155
0.436516 10.297339 0.357477 0.119444
0.446684 10.325658 0.360702 0.119740
0.457088 10.354376 0.363981 0.120033
0.467735 10.383492 0.367313 0.120328
0.478630 10.413018 0.370702 0.120644
0.489779 10.442954 0.374146 0.120937
0.501187 10.473299 0.377646 0.121251
0.512861 10.504094 0.381203 0.121562
0.524807 10.535280 0.384819 0.121869
0.537032 10.566885 0.388493 0.122185
0.549541 10.598910 0.392227 0.122501
0.562341 10.631355 0.396021 0.122819
0.575440 10.664325 0.399876 0.123141
0.588844 10.697715 0.403793 0.123465
0.602560 10.731420 0.407773 0.123776
0.616595 10.765756 0.411816 0.124116
0.630957 10.800406 0.415924 0.124438
0.645654 10.835580 0.420096 0.124771
0.660693 10.871176 0.424335 0.125112
0.676083 10.907295 0.428640 0.125447
0.691831 10.943835 0.433013 0.125789
0.707946 10.980900 0.437454 0.126121
0.724436 11.018385 0.441966 0.126460
0.741310 11.056395 0.446547 0.126793
0.758578 11.094825 0.451198 0.127146
0.776247 11.133780 0.455922 0.127497
0.794328 11.173260 0.460719 0.127843
0.812831 11.213161 0.465590 0.128197
0.831764 11.253585 0.470535 0.128533
0.851138 11.294535 0.475555 0.128890
0.870964 11.336010 0.480653 0.129243
0.891251 11.378010 0.485828 0.129594
0.912011 11.420535 0.491081 0.129956
0.933254 11.463585 0.496413 0.130320
0.954993 11.507160 0.501827 0.130675
0.977237 11.551154 0.507321 0.131041
1.000000 11.595780 0.512897 0.131408
1.023290 11.641035 0.518556 0.131754
1.047130 11.686710 0.524300 0.132118
1.071520 11.733015 0.530129 0.132470
1.096480 11.779739 0.536045 0.132853
1.122020 11.827200 0.542048 0.133210
1.148150 11.875080 0.548139 0.133570
1.174900 11.923590 0.554320 0.133950
1.202260 11.972731 0.560591 0.134313
1.230270 12.022394 0.566953 0.134678
1.258930 12.072690 0.573409 0.135050
1.288250 12.123509 0.579958 0.135405
1.318260 12.174959 0.586602 0.135787
1.348960 12.227040 0.593342 0.136140
1.380380 12.279645 0.600179 0.136513
1.412540 12.332880 0.607113 0.136890
1.445440 12.386850 0.614148 0.137255
1.479110 12.441345 0.621283 0.137627
1.513560 12.496469 0.628519 0.137998
1.548820 12.552225 0.635859 0.138382
1.584890 12.608610 0.643302 0.138734
1.621810 12.665625 0.650850 0.139113
1.659590 12.723375 0.658505 0.139468
1.698240 12.781755 0.666268 0.139846
1.737800 12.840765 0.674139 0.140208
1.778280 12.900406 0.682120 0.140587
1.819700 12.960780 0.690212 0.140934
1.862090 13.021891 0.698418 0.141314
1.905460 13.083630 0.706737 0.141662
1.949840 13.146001 0.715171 0.142035
1.995260 13.209105 0.723722 0.142390
2.041740 13.272944 0.732390 0.142755
2.089300 13.337521 0.741177 0.143108
2.137960 13.402830 0.750085 0.143479
2.187760 13.468770 0.759114 0.143829
2.238720 13.535550 0.768267 0.144194
2.290870 13.602961 0.777543 0.144543
2.344230 13.671209 0.786946 0.144905
2.398830 13.740195 0.796475 0.145249
2.454710 13.809915 0.806133 0.145600
2.511890 13.880370 0.815921 0.145939
2.570400 13.951665 0.825841 0.146287
2.630270 14.023800 0.835893 0.146642
2.691530 14.096564 0.846079 0.146973
2.754230 14.170275 0.856401 0.147313
2.818380 14.244720 0.866860 0.147664
2.884030 14.320004 0.877457 0.147988
2.951210 14.396025 0.888195 0.148333
3.019950 14.472990 0.899074 0.148662
3.090300 14.550795 0.910096 0.148994
3.162280 14.629335 0.921263 0.149318
3.235940 14.708820 0.932576 0.149639
3.311310 14.789145 0.944036 0.149970
3.388440 14.870415 0.955648 0.150279
3.467370 14.952420 0.967409 0.150598
3.548130 15.035475 0.979324 0.150903
3.630780 15.119265 0.991390 0.151221
3.715350 15.204104 1.003610 0.151512
3.801890 15.289784 1.015990 0.151806
3.890450 15.376410 1.028524 0.152131
3.981070 15.463980 1.041229 0.152419
4.073800 15.552495 1.054086 0.152692
4.168690 15.641955 1.067105 0.152990
4.265800 15.732360 1.080295 0.153268
4.365160 15.823815 1.093657 0.153564
4.466840 15.916216 1.107181 0.153822
4.570880 16.009665 1.120876 0.154110
4.677350 16.104061 1.134743 0.154373
4.786300 16.199400 1.148781 0.154648
4.897790 16.295895 1.163000 0.154902
5.011870 16.393440 1.177391 0.155171
5.128610 16.491930 1.191962 0.155390
5.248070 16.591576 1.206724 0.155651
5.370320 16.692270 1.221657 0.155888
5.495410 16.794014 1.236781 0.156120
5.623410 16.896809 1.252086 0.156378
5.754400 17.000864 1.267581 0.156587
5.888440 17.105865 1.283257 0.156820
6.025600 17.212126 1.299133 0.157008
6.165950 17.319540 1.315210 0.157250
6.309570 17.428005 1.331467 0.157447
6.456540 17.537731 1.347933 0.157664
6.606930 17.648611 1.364590 0.157858
6.760830 17.760752 1.381457 0.158060
6.918310 17.874044 1.398514 0.158221
7.079460 17.988495 1.415781 0.158414
7.244360 18.104311 1.433257 0.158609
7.413100 18.221279 1.450943 0.158754
7.585780 18.339615 1.468838 0.158945
7.762470 18.459105 1.486943 0.159098
7.943280 18.579960 1.505267 0.159244
8.128310 18.702179 1.523800 0.159401
8.317640 18.825659 1.542552 0.159516
8.511380 18.950504 1.561524 0.159669
8.709640 19.076715 1.580724 0.159785
8.912510 19.204185 1.600143 0.159898
9.120110 19.333229 1.619791 0.160045
9.332540 19.463533 1.639657 0.160113
9.549930 19.595310 1.659762 0.160242
9.772370 19.728556 1.680095 0.160353
10.000000 19.863165 1.700667 0.160430
10.232900 19.999352 1.721476 0.160513
10.471300 20.136900 1.742514 0.160575
10.715200 20.276024 1.763800 0.160670
10.964800 20.416725 1.785324 0.160710
11.220200 20.558895 1.807095 0.160784
11.481500 20.702641 1.829105 0.160816
11.749000 20.847960 1.851372 0.160873
12.022600 20.994856 1.873886 0.160909
12.302700 21.143431 1.896648 0.160957
12.589300 21.293581 1.919676 0.160959
12.882500 21.445410 1.942953 0.160966
13.182600 21.598921 1.966486 0.160965
13.489600 21.754215 1.990276 0.160975
13.803800 21.911085 2.014333 0.160955
14.125400 22.069740 2.038657 0.160956
14.454400 22.230181 2.063248 0.160919
14.791100 22.392405 2.088114 0.160911
15.135600 22.556416 2.113238 0.160883
15.488200 22.722210 2.138638 0.160828
15.848900 22.889894 2.164324 0.160764
16.218100 23.059469 2.190276 0.160693
16.595900 23.230936 2.216514 0.160632
16.982401 23.404291 2.243029 0.160561
17.378000 23.579535 2.269829 0.160465
17.782801 23.756882 2.296914 0.160362
18.197001 23.936115 2.324286 0.160293
18.620899 24.117451 2.351952 0.160171
19.054600 24.300781 2.379905 0.160059
19.498400 24.486105 2.408152 0.159900
19.952600 24.673634 2.436695 0.159806
20.417400 24.863266 2.465543 0.159650
20.893000 25.054995 2.494686 0.159508
21.379601 25.248930 2.524133 0.159364
21.877600 25.445070 2.553886 0.159174
22.387199 25.643415 2.583943 0.159010
22.908701 25.844070 2.614305 0.158793
23.442301 26.047035 2.644981 0.158631
23.988300 26.252205 2.675972 0.158438
24.547100 26.459791 2.707276 0.158222
25.118900 26.669788 2.738895 0.158021
25.704000 26.882206 2.770838 0.157801
26.302700 27.097034 2.803105 0.157574
26.915300 27.314280 2.835686 0.157325
27.542299 27.534149 2.868591 0.157090
28.183800 27.756435 2.901829 0.156811
28.840300 27.981451 2.935400 0.156540
29.512100 28.208984 2.969295 0.156299
30.199499 28.439144 3.003524 0.156014
30.903000 28.672035 3.038086 0.155707
31.622801 28.907551 3.072990 0.155405
32.359402 29.145899 3.108228 0.155116
33.113098 29.386980 3.143810 0.154787
33.884399 29.630999 3.179734 0.154440
34.673698 29.877750 3.216000 0.154132
35.481300 30.127544 3.252619 0.153777
36.307800 30.380175 3.289581 0.153423
37.153500 30.635746 3.326895 0.153070
38.018902 30.894464 3.364562 0.152707
38.904499 31.156229 3.402581 0.152344
39.810699 31.421041 3.440952 0.151960
40.737999 31.689001 3.479686 0.151570
41.686901 31.960215 3.518781 0.151178
42.658001 32.234581 3.558228 0.150746
43.651600 32.512306 3.598048 0.150364
44.668400 32.793285 3.638228 0.149934
45.708801 33.077728 3.678781 0.149464
46.773499 33.365536 3.719695 0.149045
47.862999 33.656807 3.760981 0.148566
48.977901 33.951645 3.802629 0.148155
50.118698 34.249950 3.844657 0.147669
51.286098 34.551929 3.887067 0.147226
52.480701 34.857586 3.929847 0.146694
53.703201 35.166912 3.973000 0.146256
54.954102 35.480129 4.016533 0.145710
56.234100 35.797020 4.060457 0.145214
57.543999 36.117897 4.104753 0.144719
58.884399 36.442665 4.149429 0.144195
60.256001 36.771420 4.194495 0.143666
61.659500 37.104267 4.239953 0.143121
63.095699 37.441109 4.285790 0.142605
64.565399 37.782257 4.332019 0.142031
66.069298 38.127495 4.378638 0.141454
67.608299 38.477146 4.425648 0.140922
69.183098 38.831097 4.473048 0.140341
70.794601 39.189465 4.520848 0.139750
72.443604 39.552238 4.569038 0.139179
74.130997 39.919636 4.617629 0.138566
75.857803 40.291542 4.666610 0.137971
77.624702 40.668182 4.715991 0.137346
79.432800 41.049644 4.765771 0.136701
81.283096 41.435837 4.815952 0.136112
83.176399 41.826855 4.866533 0.135481
85.113800 42.222916 4.917514 0.134825
87.096397 42.624016 4.968895 0.134214
89.125099 43.030151 5.020686 0.133587
91.201103 43.441544 5.072876 0.132880
93.325401 43.858078 5.125476 0.132230
95.499298 44.280075 5.178476 0.131586
97.723701 44.707424 5.231886 0.130918
100.000000 45.140236 5.285696 0.130212
102.329002 45.578712 5.339914 0.129490
104.712997 46.022758 5.394543 0.128807
107.152000 46.472580 5.449581 0.128094
109.648003 46.928280 5.505019 0.127436
112.202003 47.389862 5.560876 0.126681
114.815002 47.857533 5.617134 0.125982
117.489998 48.331184 5.673800 0.125258
120.225998 48.811142 5.730876 0.124507
123.027000 49.297398 5.788371 0.123770
125.892998 49.789948 5.846267 0.123019
128.824997 50.289124 5.904562 0.122276
131.826004 50.794800 5.963276 0.121538
134.895996 51.307095 6.022400 0.120792
138.037994 51.826317 6.081933 0.119987
141.253998 52.352371 6.141867 0.119260
144.544006 52.885456 6.202219 0.118473
147.910995 53.425678 6.262971 0.117698
151.356003 53.973045 6.324133 0.116937
154.882004 54.527866 6.385695 0.116129
158.488998 55.090141 6.447667 0.115341
162.181000 55.659870 6.510047 0.114574
165.959000 56.237370 6.572829 0.113743
169.824005 56.822746 6.636010 0.112978
173.779999 57.415997 6.699600 0.112161
177.828003 58.017227 6.763590 0.111342
181.970001 58.626747 6.827981 0.110547
186.209000 59.244675 6.892772 0.109733
190.546005 59.870895 6.957962 0.108898
194.983994 60.505829 7.023552 0.108062
199.526001 61.149479 7.089533 0.107242
204.173996 61.801952 7.155914 0.106424
208.929993 62.463448 7.222676 0.105522
213.796005 63.134087 7.289838 0.104737
218.776001 63.814064 7.357390 0.103879
223.871994 64.503494 7.425333 0.103040
229.087006 65.202583 7.493667 0.102218
234.423004 65.911438 7.562371 0.101372
239.882996 66.630165 7.631466 0.100495
245.470993 67.359070 7.700943 0.099691
251.188995 68.098167 7.770800 0.098804
257.040009 68.847656 7.841039 0.097911
263.027008 69.607857 7.911639 0.097118
269.153015 70.378769 7.982619 0.096256
275.423004 71.160706 8.053962 0.095394
281.838013 71.953659 8.125676 0.094534
288.403015 72.758072 8.197762 0.093675
295.121002 73.573914 8.270200 0.092794
301.994995 74.401421 8.343000 0.091942
309.029999 75.240898 8.416152 0.091085
316.227997 76.092453 8.489667 0.090190
323.593994 76.956284 8.563524 0.089338
331.131012 77.832726 8.637733 0.088432
338.843994 78.721855 8.712285 0.087611
346.737000 79.623810 8.787171 0.086770
354.812988 80.539101 8.862400 0.085904
363.078003 81.467613 8.937962 0.085005
371.535004 82.409882 9.013857 0.084132
380.188995 83.365906 9.090076 0.083244
389.045013 84.335999 9.166619 0.082413
398.106995 85.320480 9.243477 0.081508
407.380005 86.319557 9.320648 0.080723
416.868988 87.333328 9.398133 0.079805
426.579987 88.362335 9.475924 0.078968
436.515991 89.406555 9.554000 0.078094
446.683990 90.466423 9.632381 0.077243
457.088013 91.542252 9.711143 0.076370
467.734985 92.634148 9.790095 0.075513
478.630005 93.742531 9.869333 0.074616
489.778992 94.867599 9.948856 0.073802
501.187012 96.009689 10.028666 0.072929
512.861023 97.169098 10.108762 0.072072
524.807007 98.346252 10.189142 0.071283
537.031982 99.541260 10.269714 0.070380
549.541016 100.754539 10.350572 0.069558
562.341003 101.986389 10.431620 0.068703
575.440002 103.237152 10.513048 0.067903
588.843994 104.507133 10.594571 0.067009
602.559998 105.796951 10.676381 0.066157
616.594971 107.106293 10.758476 0.065397
630.956970 108.436653 10.840762 0.064523
645.653992 109.786949 10.923239 0.063709
660.692993 111.158249 11.005905 0.062910
676.083008 112.551605 11.088762 0.062080
691.830994 113.965950 11.171905 0.061256
707.945984 115.403397 11.255142 0.060439
724.435974 116.862900 11.338572 0.059658
741.309998 118.345497 11.422191 0.058847
758.578003 119.852249 11.506000 0.058029
776.247009 121.382095 11.590000 0.057223
794.328003 122.936104 11.674095 0.056409
812.830994 124.515297 11.758381 0.055626
831.763977 126.119698 11.842762 0.054804
851.138000 127.750351 11.927333 0.054066
870.963989 129.406204 12.012000 0.053302
891.250977 131.089355 12.096762 0.052491
912.010986 132.799805 12.181714 0.051729
933.254028 134.537552 12.266666 0.050975
954.992981 136.303650 12.351810 0.050203
977.237000 138.098099 12.436953 0.049434
1000.000000 139.921951 12.522286 0.048694
1023.289978 141.776245 12.607619 0.047971
1047.130005 143.659943 12.692952 0.047226
1071.520020 145.575150 12.778477 0.046497
1096.479980 147.521851 12.864000 0.045761
1122.020020 149.501099 12.949524 0.045051
1148.150024 151.511841 13.035143 0.044247
1174.900024 153.557251 13.120667 0.043593
1202.260010 155.636261 13.206381 0.042901
1230.270020 157.749908 13.292000 0.042167
1258.930054 159.899261 13.377619 0.041494
1288.250000 162.084290 13.463239 0.040812
1318.260010 164.306091 13.548762 0.040099
1348.959961 166.564651 13.634381 0.039482
1380.380005 168.862045 13.719905 0.038755
1412.540039 171.198303 13.805333 0.038064
1445.439941 173.574463 13.890762 0.037378
1479.109985 175.990494 13.976095 0.036783
1513.560059 178.448547 14.061333 0.036111
1548.819946 180.947540 14.146571 0.035498
1584.890015 183.490662 14.231619 0.034827
1621.810059 186.076797 14.316571 0.034199
1659.589966 188.708099 14.401428 0.033609
1698.239990 191.384552 14.486190 0.032973
1737.800049 194.107193 14.570762 0.032336
