1e-05 8.26905 0.197611 0.104669
1.02329e-05 8.26905 0.197611 0.104673
1.04713e-05 8.26905 0.197611 0.104669
1.07152e-05 8.26905 0.197612 0.104669
1.09648e-05 8.26906 0.197612 0.104677
1.12202e-05 8.26906 0.197612 0.104677
1.14815e-05 8.26906 0.197612 0.104669
1.1749e-05 8.26906 0.197612 0.104669
1.20226e-05 8.26906 0.197612 0.104669
1.23027e-05 8.26906 0.197612 0.104673
1.25893e-05 8.26906 0.197613 0.104669
1.28825e-05 8.26907 0.197613 0.104669
1.31826e-05 8.26907 0.197613 0.104669
1.34896e-05 8.26907 0.197613 0.104673
1.38038e-05 8.26907 0.197613 0.104669
1.41254e-05 8.26907 0.197613 0.104673
1.44544e-05 8.26907 0.197614 0.104673
1.47911e-05 8.26907 0.197614 0.104669
1.51356e-05 8.26908 0.197614 0.104669
1.54882e-05 8.26908 0.197614 0.104673
1.58489e-05 8.26908 0.197614 0.104669
1.62181e-05 8.26908 0.197615 0.104673
1.65959e-05 8.26908 0.197615 0.104673
1.69824e-05 8.26909 0.197615 0.104669
1.7378e-05 8.26909 0.197615 0.104673
1.77828e-05 8.26909 0.197615 0.104669
1.8197e-05 8.26909 0.197616 0.104669
1.86209e-05 8.26909 0.197616 0.104669
1.90546e-05 8.2691 0.197616 0.10467
1.94984e-05 8.2691 0.197616 0.10467
1.99526e-05 8.2691 0.197617 0.10467
2.04174e-05 8.2691 0.197617 0.10467
2.0893e-05 8.26911 0.197617 0.104674
2.13796e-05 8.26911 0.197617 0.104674
2.18776e-05 8.26911 0.197618 0.10467
2.23872e-05 8.26911 0.197618 0.104674
2.29087e-05 8.26912 0.197618 0.10467
2.34423e-05 8.26912 0.197618 0.10467
2.39883e-05 8.26912 0.197619 0.104674
2.45471e-05 8.26912 0.197619 0.104674
2.51189e-05 8.26913 0.197619 0.104674
2.5704e-05 8.26913 0.19762 0.10467
2.63027e-05 8.26913 0.19762 0.10467
2.69153e-05 8.26914 0.19762 0.10467
2.75423e-05 8.26914 0.197621 0.10467
2.81838e-05 8.26914 0.197621 0.104674
2.88403e-05 8.26915 0.197621 0.104674
2.95121e-05 8.26915 0.197622 0.104674
3.01995e-05 8.26915 0.197622 0.104674
3.0903e-05 8.26916 0.197622 0.104674
3.16228e-05 8.26916 0.197623 0.10467
3.23594e-05 8.26916 0.197623 0.104675
3.31131e-05 8.26917 0.197623 0.104671
3.38844e-05 8.26917 0.197624 0.104671
3.46737e-05 8.26918 0.197624 0.104675
3.54813e-05 8.26918 0.197625 0.104671
3.63078e-05 8.26918 0.197625 0.104671
3.71535e-05 8.26919 0.197626 0.104671
3.80189e-05 8.26919 0.197626 0.104675
3.89045e-05 8.2692 0.197627 0.104679
3.98107e-05 8.2692 0.197627 0.104675
4.0738e-05 8.26921 0.197628 0.104671
4.16869e-05 8.26921 0.197628 0.104675
4.2658e-05 8.26922 0.197629 0.104671
4.36516e-05 8.26922 0.197629 0.104671
4.46684e-05 8.26923 0.19763 0.104671
4.57088e-05 8.26923 0.19763 0.104676
4.67735e-05 8.26924 0.197631 0.104672
4.7863e-05 8.26924 0.197631 0.104672
4.89779e-05 8.26925 0.197632 0.104672
5.01187e-05 8.26925 0.197632 0.104672
5.12861e-05 8.26926 0.197633 0.104672
5.24807e-05 8.26927 0.197634 0.104668
5.37032e-05 8.26927 0.197634 0.104676
5.49541e-05 8.26928 0.197635 0.104684
5.62341e-05 8.26928 0.197636 0.104668
5.7544e-05 8.26929 0.197636 0.104672
5.88844e-05 8.2693 0.197637 0.104673
6.0256e-05 8.2693 0.197638 0.104677
6.16595e-05 8.26931 0.197639 0.104673
6.30957e-05 8.26932 0.197639 0.104673
6.45654e-05 8.26933 0.19764 0.104673
6.60693e-05 8.26933 0.197641 0.104673
6.76083e-05 8.26934 0.197642 0.104677
6.91831e-05 8.26935 0.197643 0.104677
7.07946e-05 8.26936 0.197643 0.104677
7.24436e-05 8.26937 0.197644 0.104678
7.4131e-05 8.26938 0.197645 0.104674
7.58578e-05 8.26938 0.197646 0.104674
7.76247e-05 8.26939 0.197647 0.104682
7.94328e-05 8.2694 0.197648 0.104674
8.12831e-05 8.26941 0.197649 0.104682
8.31764e-05 8.26942 0.19765 0.10467
8.51138e-05 8.26943 0.197651 0.104675
8.70964e-05 8.26944 0.197652 0.104675
8.91251e-05 8.26945 0.197653 0.104675
9.12011e-05 8.26946 0.197654 0.104679
9.33254e-05 8.26947 0.197655 0.104675
9.54993e-05 8.26948 0.197657 0.104675
9.77237e-05 8.26949 0.197658 0.104676
0.0001 8.26951 0.197659 0.104676
0.000102329 8.26952 0.19766 0.10468
0.000104713 8.26953 0.197661 0.10468
0.000107152 8.26954 0.197663 0.10468
0.000109648 8.26955 0.197664 0.104684
0.000112202 8.26957 0.197665 0.104677
0.000114815 8.26958 0.197667 0.104677
0.00011749 8.26959 0.197668 0.104673
0.000120226 8.26961 0.19767 0.104677
0.000123027 8.26962 0.197671 0.104678
0.000125893 8.26964 0.197673 0.104682
0.000128825 8.26965 0.197674 0.104678
0.000131826 8.26967 0.197676 0.104682
0.000134896 8.26968 0.197677 0.104682
0.000138038 8.2697 0.197679 0.104675
0.000141254 8.26971 0.197681 0.104683
0.000144544 8.26973 0.197683 0.104679
0.000147911 8.26975 0.197684 0.104683
0.000151356 8.26977 0.197686 0.104684
0.000154882 8.26978 0.197688 0.104684
0.000158489 8.2698 0.19769 0.10468
0.000162181 8.26982 0.197692 0.104685
0.000165959 8.26984 0.197694 0.104685
0.000169824 8.26986 0.197696 0.104689
0.00017378 8.26988 0.197698 0.104685
0.000177828 8.2699 0.1977 0.104686
0.00018197 8.26992 0.197702 0.104686
0.000186209 8.26994 0.197705 0.104682
0.000190546 8.26996 0.197707 0.104679
0.000194984 8.26999 0.197709 0.104687
0.000199526 8.27001 0.197712 0.104687
0.000204174 8.27003 0.197714 0.104684
0.00020893 8.27006 0.197717 0.104688
0.000213796 8.27008 0.197719 0.104685
0.000218776 8.27011 0.197722 0.104689
0.000223872 8.27013 0.197725 0.104689
0.000229087 8.27016 0.197727 0.104686
0.000234423 8.27019 0.19773 0.104686
0.000239883 8.27021 0.197733 0.104687
0.000245471 8.27024 0.197736 0.104683
0.000251189 8.27027 0.197739 0.104683
0.00025704 8.2703 0.197742 0.104688
0.000263027 8.27033 0.197745 0.104692
0.000269153 8.27036 0.197748 0.104693
0.000275423 8.27039 0.197752 0.104689
0.000281838 8.27043 0.197755 0.10469
0.000288403 8.27046 0.197759 0.104694
0.000295121 8.27049 0.197762 0.104691
0.000301995 8.27053 0.197766 0.104691
0.00030903 8.27056 0.19777 0.104696
0.000316228 8.2706 0.197773 0.104692
0.000323594 8.27064 0.197777 0.104693
0.000331131 8.27067 0.197781 0.104698
0.000338844 8.27071 0.197785 0.104694
0.000346737 8.27075 0.19779 0.104703
0.000354813 8.27079 0.197794 0.104699
0.000363078 8.27084 0.197798 0.1047
0.000371535 8.27088 0.197803 0.104701
0.000380189 8.27092 0.197807 0.104701
0.000389045 8.27097 0.197812 0.104694
0.000398107 8.27101 0.197817 0.104695
0.00040738 8.27106 0.197822 0.104704
0.000416869 8.27111 0.197827 0.104704
0.00042658 8.27116 0.197832 0.104709
0.000436516 8.27121 0.197837 0.104706
0.000446684 8.27126 0.197842 0.104703
0.000457088 8.27131 0.197848 0.104703
0.000467735 8.27137 0.197854 0.104704
0.00047863 8.27142 0.197859 0.104705
0.000489779 8.27148 0.197865 0.10471
0.000501187 8.27153 0.197871 0.104711
0.000512861 8.27159 0.197877 0.104712
0.000524807 8.27165 0.197884 0.104713
0.000537032 8.27172 0.19789 0.104714
0.000549541 8.27178 0.197897 0.104711
0.000562341 8.27184 0.197904 0.104712
0.00057544 8.27191 0.197911 0.104717
0.000588844 8.27198 0.197918 0.104718
0.00060256 8.27205 0.197925 0.104715
0.000616595 8.27212 0.197932 0.104712
0.000630957 8.27219 0.19794 0.104721
0.000645654 8.27226 0.197948 0.104722
0.000660693 8.27234 0.197956 0.104723
0.000676083 8.27242 0.197964 0.104728
0.000691831 8.2725 0.197972 0.104726
0.000707946 8.27258 0.197981 0.104731
0.000724436 8.27266 0.197989 0.104724
0.00074131 8.27275 0.197998 0.104725
0.000758578 8.27283 0.198007 0.104735
0.000776247 8.27292 0.198017 0.104732
0.000794328 8.27302 0.198026 0.104733
0.000812831 8.27311 0.198036 0.104731
0.000831764 8.2732 0.198046 0.104736
0.000851138 8.2733 0.198056 0.104738
0.000870964 8.2734 0.198067 0.104735
0.000891251 8.2735 0.198078 0.104737
0.000912011 8.27361 0.198089 0.104747
0.000933254 8.27372 0.1981 0.104744
0.000954993 8.27383 0.198111 0.104746
0.000977237 8.27394 0.198123 0.104748
0.001 8.27405 0.198135 0.104745
0.00102329 8.27417 0.198147 0.104747
0.00104713 8.27429 0.19816 0.104749
0.00107152 8.27441 0.198173 0.104755
0.00109648 8.27454 0.198186 0.104757
0.00112202 8.27467 0.1982 0.104759
0.00114815 8.2748 0.198213 0.104761
0.0011749 8.27494 0.198228 0.104759
0.00120226 8.27507 0.198242 0.104765
0.00123027 8.27522 0.198257 0.104763
0.00125893 8.27536 0.198272 0.104773
0.00128825 8.27551 0.198287 0.104776
0.00131826 8.27566 0.198303 0.104778
0.00134896 8.27581 0.19832 0.104776
0.00138038 8.27597 0.198336 0.104779
0.00141254 8.27613 0.198353 0.104781
0.00144544 8.2763 0.198371 0.104784
0.00147911 8.27647 0.198388 0.104786
0.00151356 8.27664 0.198407 0.104789
0.00154882 8.27682 0.198425 0.104792
0.00158489 8.277 0.198444 0.104798
0.00162181 8.27719 0.198464 0.104793
0.00165959 8.27738 0.198484 0.1048
0.00169824 8.27757 0.198504 0.104803
0.0017378 8.27777 0.198525 0.104806
0.00177828 8.27798 0.198546 0.104809
0.0018197 8.27819 0.198568 0.104812
0.00186209 8.2784 0.198591 0.104816
0.00190546 8.27862 0.198613 0.104823
0.00194984 8.27884 0.198637 0.104826
0.00199526 8.27907 0.198661 0.104826
0.00204174 8.2793 0.198685 0.10483
0.0020893 8.27954 0.19871 0.104833
0.00213796 8.27979 0.198736 0.104841
0.00218776 8.28004 0.198762 0.104845
0.00223872 8.2803 0.198789 0.104853
0.00229087 8.28056 0.198817 0.104845
0.00234423 8.28083 0.198845 0.104853
0.00239883 8.2811 0.198874 0.104857
0.00245471 8.28138 0.198903 0.104861
0.00251189 8.28167 0.198933 0.10487
0.0025704 8.28196 0.198964 0.104878
0.00263027 8.28226 0.198996 0.104879
0.00269153 8.28257 0.199028 0.104879
0.00275423 8.28289 0.199061 0.104884
0.00281838 8.28321 0.199095 0.104889
0.00288403 8.28354 0.199129 0.104894
0.00295121 8.28388 0.199165 0.104899
0.00301995 8.28422 0.199201 0.104909
0.0030903 8.28457 0.199238 0.104914
0.00316228 8.28494 0.199276 0.104919
0.00323594 8.28531 0.199315 0.104929
0.00331131 8.28568 0.199354 0.104931
0.00338844 8.28607 0.199395 0.104937
0.00346737 8.28647 0.199436 0.104939
0.00354813 8.28687 0.199479 0.104949
0.00363078 8.28729 0.199522 0.104955
0.00371535 8.28771 0.199567 0.104962
0.00380189 8.28814 0.199612 0.104968
0.00389045 8.28859 0.199659 0.104979
0.00398107 8.28904 0.199707 0.104978
0.0040738 8.2895 0.199755 0.104985
0.00416869 8.28998 0.199805 0.104996
0.0042658 8.29047 0.199856 0.105008
0.00436516 8.29096 0.199909 0.105015
0.00446684 8.29147 0.199962 0.105015
0.00457088 8.29199 0.200017 0.105023
0.00467735 8.29252 0.200072 0.105035
0.0047863 8.29307 0.20013 0.105047
0.00489779 8.29362 0.200188 0.105056
0.00501187 8.29419 0.200248 0.105065
0.00512861 8.29478 0.200309 0.105069
0.00524807 8.29537 0.200372 0.105083
0.00537032 8.29598 0.200436 0.105096
0.00549541 8.29661 0.200502 0.105101
0.00562341 8.29725 0.200569 0.105111
0.0057544 8.2979 0.200637 0.105121
0.00588844 8.29857 0.200708 0.105127
0.0060256 8.29925 0.200779 0.105138
0.00616595 8.29995 0.200853 0.105152
0.00630957 8.30066 0.200928 0.105167
0.00645654 8.3014 0.201005 0.105178
0.00660693 8.30214 0.201084 0.105181
0.00676083 8.30291 0.201164 0.105197
0.00691831 8.30369 0.201246 0.105213
0.00707946 8.30449 0.201331 0.105221
0.00724436 8.30531 0.201417 0.105234
0.0074131 8.30615 0.201505 0.10525
0.00758578 8.30701 0.201595 0.105263
0.00776247 8.30788 0.201687 0.105273
0.00794328 8.30878 0.201782 0.105286
0.00812831 8.30969 0.201878 0.1053
0.00831764 8.31063 0.201977 0.105327
0.00851138 8.31159 0.202078 0.105329
0.00870964 8.31257 0.202181 0.105344
0.00891251 8.31358 0.202287 0.105363
0.00912011 8.3146 0.202395 0.105379
0.00933254 8.31565 0.202506 0.105395
0.00954993 8.31672 0.202619 0.105415
0.00977237 8.31782 0.202735 0.105428
0.01 8.31894 0.202853 0.105445
0.0102329 8.32009 0.202974 0.105466
0.0104713 8.32127 0.203098 0.105488
0.0107152 8.32247 0.203224 0.105502
0.0109648 8.32369 0.203354 0.105521
0.0112202 8.32495 0.203487 0.105535
0.0114815 8.32623 0.203622 0.105559
0.011749 8.32755 0.203761 0.105583
0.0120226 8.32889 0.203902 0.105595
0.0123027 8.33026 0.204047 0.105624
0.0125893 8.33167 0.204196 0.105641
0.0128825 8.3331 0.204347 0.105663
0.0131826 8.33457 0.204502 0.105693
0.0134896 8.33607 0.204661 0.105708
0.0138038 8.3376 0.204823 0.105735
0.0141254 8.33917 0.204989 0.105758
0.0144544 8.34078 0.205159 0.105779
0.0147911 8.34242 0.205333 0.105812
0.0151356 8.3441 0.20551 0.105833
0.0154882 8.34581 0.205692 0.105863
0.0158489 8.34756 0.205877 0.105885
0.0162181 8.34936 0.206067 0.10592
0.0165959 8.35119 0.206261 0.105944
0.0169824 8.35306 0.20646 0.105972
0.017378 8.35498 0.206663 0.106001
0.0177828 8.35693 0.20687 0.106034
0.018197 8.35894 0.207082 0.10606
0.0186209 8.36098 0.207299 0.106099
0.0190546 8.36307 0.207521 0.106131
0.0194984 8.36521 0.207748 0.106154
0.0199526 8.3674 0.20798 0.106191
0.0204174 8.36963 0.208217 0.106229
0.020893 8.37191 0.20846 0.106263
0.0213796 8.37424 0.208708 0.106294
0.0218776 8.37663 0.208961 0.10633
0.0223872 8.37907 0.209221 0.106375
0.0229087 8.38156 0.209486 0.106408
0.0234423 8.3841 0.209756 0.106454
0.0239883 8.3867 0.210033 0.106485
0.0245471 8.38936 0.210317 0.106533
0.0251189 8.39208 0.210606 0.106573
0.025704 8.39486 0.210902 0.106606
0.0263027 8.39769 0.211204 0.106649
0.0269153 8.40059 0.211514 0.106704
0.0275423 8.40355 0.21183 0.106744
0.0281838 8.40658 0.212153 0.106794
0.0288403 8.40967 0.212483 0.10684
0.0295121 8.41283 0.212821 0.106891
0.0301995 8.41606 0.213166 0.106935
0.030903 8.41936 0.213519 0.106984
0.0316228 8.42272 0.213879 0.107038
0.0323594 8.42616 0.214247 0.107093
0.0331131 8.42968 0.214624 0.107145
0.0338844 8.43327 0.215009 0.107198
0.0346737 8.43694 0.215402 0.107253
0.0354813 8.44068 0.215804 0.107304
0.0363078 8.44451 0.216214 0.107373
0.0371535 8.44842 0.216634 0.107422
0.0380189 8.45241 0.217063 0.107485
0.0389045 8.45648 0.217501 0.107541
0.0398107 8.46065 0.217949 0.107607
0.040738 8.4649 0.218406 0.107674
0.0416869 8.46924 0.218874 0.107738
0.042658 8.47367 0.219351 0.107811
0.0436516 8.47819 0.219839 0.107878
0.0446684 8.48281 0.220338 0.107941
0.0457088 8.48753 0.220847 0.108015
0.0467735 8.49234 0.221368 0.108085
0.047863 8.49726 0.221899 0.108157
0.0489779 8.50228 0.222442 0.108235
0.0501187 8.5074 0.222997 0.108309
0.0512861 8.51263 0.223563 0.10839
0.0524807 8.51797 0.224142 0.108467
0.0537032 8.52341 0.224733 0.108551
0.0549541 8.52897 0.225336 0.108636
0.0562341 8.53464 0.225953 0.108719
0.057544 8.54043 0.226582 0.108807
0.0588844 8.54634 0.227225 0.108888
0.060256 8.55237 0.227882 0.108984
0.0616595 8.55852 0.228553 0.109064
0.0630957 8.56479 0.229237 0.109159
0.0645654 8.57119 0.229936 0.109256
0.0660693 8.57772 0.23065 0.10935
0.0676083 8.58439 0.231379 0.109459
0.0691831 8.59118 0.232123 0.109552
0.0707946 8.59811 0.232883 0.109651
0.0724436 8.60518 0.233658 0.109757
0.074131 8.61239 0.23445 0.109865
0.0758578 8.61974 0.235258 0.109969
0.0776247 8.62724 0.236083 0.11008
0.0794328 8.63489 0.236925 0.110194
0.0812831 8.64268 0.237784 0.1103
0.0831764 8.65063 0.238661 0.110422
0.0851138 8.65873 0.239557 0.110537
0.0870964 8.66699 0.24047 0.110658
0.0891251 8.67541 0.241402 0.110772
0.0912011 8.684 0.242354 0.110902
0.0933254 8.69274 0.243324 0.111025
0.0954993 8.70166 0.244315 0.111155
0.0977237 8.71075 0.245325 0.111291
0.1 8.72 0.246357 0.111421
0.102329 8.72944 0.247408 0.111558
0.104713 8.73905 0.248481 0.111686
0.107152 8.74885 0.249576 0.111827
0.109648 8.75883 0.250693 0.11197
0.112202 8.76899 0.251832 0.112116
0.114815 8.77934 0.252993 0.112268
0.11749 8.78989 0.254178 0.112414
0.120226 8.80063 0.255386 0.112566
0.123027 8.81157 0.256618 0.112717
0.125893 8.82271 0.257875 0.112879
0.128825 8.83405 0.259156 0.113034
0.131826 8.8456 0.260463 0.113196
0.134896 8.85736 0.261795 0.113361
0.138038 8.86933 0.263153 0.113523
0.141254 8.88152 0.264537 0.113697
0.144544 8.89393 0.265949 0.113865
0.147911 8.90655 0.267387 0.11404
0.151356 8.9194 0.268854 0.114218
0.154882 8.93248 0.270349 0.114398
0.158489 8.94578 0.271872 0.11458
0.162181 8.95933 0.273425 0.114765
0.165959 8.9731 0.275007 0.114958
0.169824 8.98712 0.27662 0.115144
0.17378 9.00137 0.278263 0.115342
0.177828 9.01588 0.279937 0.115544
0.18197 9.03063 0.281643 0.115732
0.186209 9.04563 0.283381 0.115928
0.190546 9.06089 0.285151 0.116148
0.194984 9.07641 0.286955 0.116344
0.199526 9.09218 0.288792 0.116559
0.204174 9.10823 0.290664 0.116766
0.20893 9.12453 0.29257 0.116981
0.213796 9.14111 0.294511 0.11721
0.218776 9.15797 0.296488 0.117425
0.223872 9.1751 0.298502 0.117654
0.229087 9.19251 0.300552 0.11788
0.234423 9.2102 0.30264 0.118109
0.239883 9.22818 0.304765 0.118341
0.245471 9.24645 0.30693 0.118582
0.251189 9.26501 0.309133 0.118819
0.25704 9.28387 0.311376 0.119065
0.263027 9.30303 0.313659 0.119302
0.269153 9.32249 0.315983 0.119553
0.275423 9.34225 0.318349 0.119808
0.281838 9.36233 0.320757 0.120059
0.288403 9.38272 0.323207 0.120313
0.295121 9.40342 0.325701 0.120577
0.301995 9.42445 0.328239 0.120835
0.30903 9.44579 0.330821 0.121092
0.316228 9.46747 0.333448 0.121364
0.323594 9.48947 0.336122 0.121638
0.331131 9.5118 0.338842 0.121916
0.338844 9.53447 0.341608 0.122188
0.346737 9.55748 0.344423 0.122476
0.354813 9.58084 0.347286 0.122749
0.363078 9.60454 0.350199 0.123043
0.371535 9.62858 0.353161 0.123327
0.380189 9.65298 0.356174 0.123614
0.389045 9.67774 0.359238 0.12391
0.398107 9.70286 0.362354 0.124201
0.40738 9.72834 0.365522 0.124503
0.416869 9.75418 0.368744 0.1248
0.42658 9.7804 0.37202 0.125113
0.436516 9.80699 0.375351 0.125416
0.446684 9.83396 0.378737 0.125727
0.457088 9.86131 0.38218 0.126035
0.467735 9.88904 0.385679 0.126344
0.47863 9.91716 0.389237 0.126676
0.489779 9.94567 0.392853 0.126984
0.501187 9.97457 0.396528 0.127314
0.512861 10.0039 0.400263 0.12764
0.524807 10.0336 0.40406 0.127962
0.537032 10.0637 0.407918 0.128294
0.549541 10.0942 0.411838 0.128626
0.562341 10.1251 0.415822 0.12896
0.57544 10.1565 0.41987 0.129298
0.588844 10.1883 0.423983 0.129638
0.60256 10.2204 0.428162 0.129965
0.616595 10.2531 0.432407 0.130322
0.630957 10.2861 0.43672 0.13066
0.645654 10.3196 0.441101 0.13101
0.660693 10.3535 0.445552 0.131368
0.676083 10.3879 0.450072 0.131719
0.691831 10.4227 0.454664 0.132078
0.707946 10.458 0.459327 0.132427
0.724436 10.4937 0.464064 0.132783
0.74131 10.5299 0.468874 0.133133
0.758578 10.5665 0.473758 0.133503
0.776247 10.6036 0.478718 0.133872
0.794328 10.6412 0.483755 0.134235
0.812831 10.6792 0.488869 0.134607
0.831764 10.7177 0.494062 0.13496
0.851138 10.7567 0.499333 0.135334
0.870964 10.7962 0.504686 0.135705
0.891251 10.8362 0.510119 0.136074
0.912011 10.8767 0.515635 0.136454
0.933254 10.9177 0.521234 0.136836
0.954993 10.9592 0.526918 0.137209
0.977237 11.0011 0.532687 0.137593
1 11.0436 0.538542 0.137978
1.02329 11.0867 0.544484 0.138342
1.04713 11.1302 0.550515 0.138724
1.07152 11.1743 0.556636 0.139094
1.09648 11.2188 0.562847 0.139496
1.12202 11.264 0.56915 0.139871
1.14815 11.3096 0.575546 0.140249
1.1749 11.3558 0.582036 0.140647
1.20226 11.4026 0.588621 0.141029
1.23027 11.4499 0.595301 0.141412
1.25893 11.4978 0.60208 0.141802
1.28825 11.5462 0.608956 0.142175
1.31826 11.5952 0.615932 0.142576
1.34896 11.6448 0.623009 0.142947
1.38038 11.6949 0.630188 0.143339
1.41254 11.7456 0.637469 0.143734
1.44544 11.797 0.644855 0.144118
1.47911 11.8489 0.652347 0.144508
1.51356 11.9014 0.659945 0.144898
1.54882 11.9545 0.667652 0.145301
1.58489 12.0082 0.675467 0.145671
1.62181 12.0625 0.683393 0.146069
1.65959 12.1175 0.69143 0.146441
1.69824 12.1731 0.699581 0.146838
1.7378 12.2293 0.707846 0.147218
1.77828 12.2861 0.716226 0.147616
1.8197 12.3436 0.724723 0.147981
1.86209 12.4018 0.733339 0.14838
1.90546 12.4606 0.742074 0.148745
1.94984 12.52 0.75093 0.149137
1.99526 12.5801 0.759908 0.14951
2.04174 12.6409 0.769009 0.149893
2.0893 12.7024 0.778236 0.150263
2.13796 12.7646 0.787589 0.150653
2.18776 12.8274 0.79707 0.15102
2.23872 12.891 0.80668 0.151404
2.29087 12.9552 0.81642 0.15177
2.34423 13.0202 0.826293 0.15215
2.39883 13.0859 0.836299 0.152511
2.45471 13.1523 0.84644 0.15288
2.51189 13.2194 0.856717 0.153236
2.5704 13.2873 0.867133 0.153601
2.63027 13.356 0.877688 0.153974
2.69153 13.4253 0.888383 0.154322
2.75423 13.4955 0.899221 0.154679
2.81838 13.5664 0.910203 0.155047
2.88403 13.6381 0.92133 0.155387
2.95121 13.7105 0.932605 0.15575
3.01995 13.7838 0.944028 0.156095
3.0903 13.8579 0.955601 0.156444
3.16228 13.9327 0.967326 0.156784
3.23594 14.0084 0.979205 0.157121
3.31131 14.0849 0.991238 0.157468
3.38844 14.1623 1.00343 0.157793
3.46737 14.2404 1.01578 0.158128
3.54813 14.3195 1.02829 0.158448
3.63078 14.3993 1.04096 0.158782
3.71535 14.4801 1.05379 0.159088
3.80189 14.5617 1.06679 0.159396
3.89045 14.6442 1.07995 0.159738
3.98107 14.7276 1.09329 0.16004
4.0738 14.8119 1.10679 0.160327
4.16869 14.8971 1.12046 0.160639
4.2658 14.9832 1.13431 0.160931
4.36516 15.0703 1.14834 0.161242
4.46684 15.1583 1.16254 0.161513
4.57088 15.2473 1.17692 0.161815
4.67735 15.3372 1.19148 0.162092
4.7863 15.428 1.20622 0.16238
4.89779 15.5199 1.22115 0.162647
5.01187 15.6128 1.23626 0.16293
5.12861 15.7066 1.25156 0.16316
5.24807 15.8015 1.26706 0.163434
5.37032 15.8974 1.28274 0.163682
5.49541 15.9943 1.29862 0.163926
5.62341 16.0922 1.31469 0.164197
5.7544 16.1913 1.33096 0.164416
5.88844 16.2913 1.34742 0.164661
6.0256 16.3925 1.36409 0.164858
6.16595 16.4948 1.38097 0.165112
6.30957 16.5981 1.39804 0.165319
6.45654 16.7026 1.41533 0.165547
6.60693 16.8082 1.43282 0.165751
6.76083 16.915 1.45053 0.165963
6.91831 17.0229 1.46844 0.166132
7.07946 17.1319 1.48657 0.166335
7.24436 17.2422 1.50492 0.166539
7.4131 17.3536 1.52349 0.166692
7.58578 17.4663 1.54228 0.166892
7.76247 17.5801 1.56129 0.167053
7.94328 17.6952 1.58053 0.167206
8.12831 17.8116 1.59999 0.167371
8.31764 17.9292 1.61968 0.167492
8.51138 18.0481 1.6396 0.167652
8.70964 18.1683 1.65976 0.167774
8.91251 18.2897 1.68015 0.167893
9.12011 18.4126 1.70078 0.168047
9.33254 18.5367 1.72164 0.168119
9.54993 18.6622 1.74275 0.168254
9.77237 18.7891 1.7641 0.168371
10 18.9173 1.7857 0.168452
10.2329 19.047 1.80755 0.168539
10.4713 19.178 1.82964 0.168604
10.7152 19.3105 1.85199 0.168704
10.9648 19.4445 1.87459 0.168745
11.2202 19.5799 1.89745 0.168823
11.4815 19.7168 1.92056 0.168857
11.749 19.8552 1.94394 0.168917
12.0226 19.9951 1.96758 0.168954
12.3027 20.1366 1.99148 0.169005
12.5893 20.2796 2.01566 0.169007
12.8825 20.4242 2.0401 0.169014
13.1826 20.5704 2.06481 0.169013
13.4896 20.7183 2.08979 0.169024
13.8038 20.8677 2.11505 0.169003
14.1254 21.0188 2.14059 0.169004
14.4544 21.1716 2.16641 0.168965
14.7911 21.3261 2.19252 0.168957
15.1356 21.4823 2.2189 0.168927
15.4882 21.6402 2.24557 0.168869
15.8489 21.7999 2.27254 0.168802
16.2181 21.9614 2.29979 0.168728
16.5959 22.1247 2.32734 0.168664
16.9824 22.2898 2.35518 0.168589
17.378 22.4567 2.38332 0.168488
17.7828 22.6256 2.41176 0.16838
18.197 22.7963 2.4405 0.168308
18.6209 22.969 2.46955 0.16818
19.0546 23.1436 2.4989 0.168062
19.4984 23.3201 2.52856 0.167895
19.9526 23.4987 2.55853 0.167796
20.4174 23.6793 2.58882 0.167632
20.893 23.8619 2.61942 0.167483
21.3796 24.0466 2.65034 0.167332
21.8776 24.2334 2.68158 0.167133
22.3872 24.4223 2.71314 0.166961
22.9087 24.6134 2.74502 0.166733
23.4423 24.8067 2.77723 0.166563
23.9883 25.0021 2.80977 0.16636
24.5471 25.1998 2.84264 0.166133
25.1189 25.3998 2.87584 0.165922
25.704 25.6021 2.90938 0.165691
26.3027 25.8067 2.94326 0.165453
26.9153 26.0136 2.97747 0.165191
27.5423 26.223 3.01202 0.164944
28.1838 26.4347 3.04692 0.164652
28.8403 26.649 3.08217 0.164367
29.5121 26.8657 3.11776 0.164114
30.1995 27.0849 3.1537 0.163815
30.903 27.3067 3.18999 0.163492
31.6228 27.531 3.22664 0.163175
32.3594 27.758 3.26364 0.162872
33.1131 27.9876 3.301 0.162526
33.8844 28.22 3.33872 0.162162
34.6737 28.455 3.3768 0.161839
35.4813 28.6929 3.41525 0.161466
36.3078 28.9335 3.45406 0.161094
37.1535 29.1769 3.49324 0.160724
38.0189 29.4233 3.53279 0.160342
38.9045 29.6726 3.57271 0.159961
39.8107 29.9248 3.613 0.159558
40.738 30.18 3.65367 0.159148
41.6869 30.4383 3.69472 0.158737
42.658 30.6996 3.73614 0.158283
43.6516 30.9641 3.77795 0.157882
44.6684 31.2317 3.82014 0.157431
45.7088 31.5026 3.86272 0.156937
46.7735 31.7767 3.90568 0.156497
47.863 32.0541 3.94903 0.155994
48.9779 32.3349 3.99276 0.155563
50.1187 32.619 4.03689 0.155052
51.2861 32.9066 4.08142 0.154587
52.4807 33.1977 4.12634 0.154029
53.7032 33.4923 4.17165 0.153569
54.9541 33.7906 4.21736 0.152995
56.2341 34.0924 4.26348 0.152475
57.544 34.398 4.30999 0.151955
58.8844 34.7073 4.3569 0.151405
60.256 35.0204 4.40422 0.150849
61.6595 35.3374 4.45195 0.150277
63.0957 35.6582 4.50008 0.149735
64.5654 35.9831 4.54862 0.149133
66.0693 36.3119 4.59757 0.148527
67.6083 36.6449 4.64693 0.147968
69.1831 36.982 4.6967 0.147358
70.7946 37.3233 4.74689 0.146737
72.4436 37.6688 4.79749 0.146138
74.131 38.0187 4.84851 0.145494
75.8578 38.3729 4.89994 0.14487
77.6247 38.7316 4.95179 0.144213
79.4328 39.0949 5.00406 0.143536
81.2831 39.4627 5.05675 0.142918
83.1764 39.8351 5.10986 0.142255
85.1138 40.2123 5.16339 0.141566
87.0964 40.5943 5.21734 0.140925
89.1251 40.9811 5.27172 0.140266
91.2011 41.3729 5.32652 0.139524
93.3254 41.7696 5.38175 0.138842
95.4993 42.1715 5.4374 0.138165
97.7237 42.5785 5.49348 0.137464
100 42.9907 5.54998 0.136723
102.329 43.4083 5.60691 0.135964
104.713 43.8312 5.66427 0.135247
107.152 44.2596 5.72206 0.134499
109.648 44.6936 5.78027 0.133808
112.202 45.1332 5.83892 0.133015
114.815 45.5786 5.89799 0.132281
117.49 46.0297 5.95749 0.131521
120.226 46.4868 6.01742 0.130732
123.027 46.9499 6.07779 0.129958
125.893 47.419 6.13858 0.12917
128.825 47.8944 6.19979 0.12839
131.826 48.376 6.26144 0.127615
134.896 48.8639 6.32352 0.126832
138.038 49.3584 6.38603 0.125986
141.254 49.8594 6.44896 0.125223
144.544 50.3671 6.51233 0.124397
147.911 50.8816 6.57612 0.123583
151.356 51.4029 6.64034 0.122784
154.882 51.9313 6.70498 0.121935
158.489 52.4668 6.77005 0.121108
162.181 53.0094 6.83555 0.120303
165.959 53.5594 6.90147 0.11943
169.824 54.1169 6.96781 0.118627
173.78 54.6819 7.03458 0.117769
177.828 55.2545 7.10177 0.116909
181.97 55.835 7.16938 0.116074
186.209 56.4235 7.23741 0.11522
190.546 57.0199 7.30586 0.114343
194.984 57.6246 7.37473 0.113465
199.526 58.2376 7.44401 0.112604
204.174 58.859 7.51371 0.111745
208.93 59.489 7.58381 0.110798
213.796 60.1277 7.65433 0.109974
218.776 60.7753 7.72526 0.109073
223.872 61.4319 7.7966 0.108192
229.087 62.0977 7.86835 0.107329
234.423 62.7728 7.94049 0.106441
239.883 63.4573 8.01304 0.10552
245.471 64.1515 8.08599 0.104676
251.189 64.8554 8.15934 0.103744
257.04 65.5692 8.23309 0.102807
263.027 66.2932 8.30722 0.101974
269.153 67.0274 8.38175 0.101069
275.423 67.7721 8.45666 0.100164
281.838 68.5273 8.53196 0.0992608
288.403 69.2934 8.60765 0.098359
295.121 70.0704 8.68371 0.0974336
301.995 70.8585 8.76015 0.0965395
309.03 71.658 8.83696 0.0956396
316.228 72.469 8.91415 0.0946998
323.594 73.2917 8.9917 0.0938054
331.131 74.1264 9.06962 0.0928531
338.844 74.9732 9.1479 0.0919917
346.737 75.8322 9.22653 0.091109
354.813 76.7039 9.30552 0.0901989
363.078 77.5882 9.38486 0.0892557
371.535 78.4856 9.46455 0.0883381
380.189 79.3961 9.54458 0.0874063
389.045 80.32 9.62495 0.0865332
398.107 81.2576 9.70565 0.0855837
407.38 82.2091 9.78668 0.0847589
416.869 83.1746 9.86804 0.0837954
426.58 84.1546 9.94972 0.0829169
436.516 85.1491 10.0317 0.0819984
446.684 86.1585 10.114 0.0811051
457.088 87.1831 10.1967 0.0801882
467.735 88.223 10.2796 0.0792889
478.63 89.2786 10.3628 0.0783465
489.779 90.3501 10.4463 0.0774925
501.187 91.4378 10.5301 0.0765753
512.861 92.542 10.6142 0.0756761
524.807 93.6631 10.6986 0.0748467
537.032 94.8012 10.7832 0.0738988
549.541 95.9567 10.8681 0.0730354
562.341 97.1299 10.9532 0.0721381
575.44 98.3211 11.0387 0.0712977
588.844 99.5306 11.1243 0.0703597
602.56 100.759 11.2102 0.0694653
616.595 102.006 11.2964 0.0686671
630.957 103.273 11.3828 0.067749
645.654 104.559 11.4694 0.0668941
660.693 105.865 11.5562 0.0660556
676.083 107.192 11.6432 0.0651843
691.831 108.539 11.7305 0.0643184
707.946 109.908 11.8179 0.0634605
724.436 111.298 11.9055 0.0626411
741.31 112.71 11.9933 0.0617891
758.578 114.145 12.0813 0.0609308
776.247 115.602 12.1695 0.0600837
794.328 117.082 12.2578 0.0592295
812.831 118.586 12.3463 0.0584074
831.764 120.114 12.4349 0.0575441
851.138 121.667 12.5237 0.0567692
870.964 123.244 12.6126 0.0559676
891.251 124.847 12.7016 0.055116
912.011 126.476 12.7908 0.0543156
933.254 128.131 12.88 0.0535241
954.993 129.813 12.9694 0.0527129
977.237 131.522 13.0588 0.0519057
1000 133.259 13.1484 0.0511284
1023.29 135.025 13.238 0.0503699
1047.13 136.819 13.3276 0.0495869
1071.52 138.643 13.4174 0.0488216
1096.48 140.497 13.5072 0.0480487
1122.02 142.382 13.597 0.0473032
1148.15 144.297 13.6869 0.0464593
1174.9 146.245 13.7767 0.0457727
1202.26 148.225 13.8667 0.0450461
1230.27 150.238 13.9566 0.0442756
1258.93 152.285 14.0465 0.043569
1288.25 154.366 14.1364 0.0428521
1318.26 156.482 14.2262 0.0421035
1348.96 158.633 14.3161 0.0414558
1380.38 160.821 14.4059 0.0406926
1412.54 163.046 14.4956 0.0399669
1445.44 165.309 14.5853 0.0392474
1479.11 167.61 14.6749 0.0386223
1513.56 169.951 14.7644 0.0379163
1548.82 172.331 14.8539 0.0372727
1584.89 174.753 14.9432 0.0365687
1621.81 177.216 15.0324 0.0359086
1659.59 179.722 15.1215 0.035289
1698.24 182.271 15.2105 0.0346219
1737.8 184.864 15.2993 0.0339523
