1e-05 4.06402 0.610244 0.436921
1.02329e-05 4.06402 0.610244 0.436946
1.04713e-05 4.06402 0.610245 0.436921
1.07152e-05 4.06402 0.610245 0.436971
1.09648e-05 4.06402 0.610245 0.436971
1.12202e-05 4.06402 0.610245 0.436946
1.14815e-05 4.06402 0.610245 0.436921
1.1749e-05 4.06402 0.610246 0.436946
1.20226e-05 4.06402 0.610246 0.436946
1.23027e-05 4.06402 0.610246 0.436971
1.25893e-05 4.06402 0.610246 0.436971
1.28825e-05 4.06402 0.610246 0.436946
1.31826e-05 4.06402 0.610247 0.436946
1.34896e-05 4.06402 0.610247 0.436946
1.38038e-05 4.06402 0.610247 0.436921
1.41254e-05 4.06402 0.610247 0.436971
1.44544e-05 4.06402 0.610247 0.436946
1.47911e-05 4.06402 0.610248 0.436921
1.51356e-05 4.06402 0.610248 0.436946
1.54882e-05 4.06403 0.610248 0.436946
1.58489e-05 4.06403 0.610248 0.436921
1.62181e-05 4.06403 0.610249 0.436946
1.65959e-05 4.06403 0.610249 0.436971
1.69824e-05 4.06403 0.610249 0.436946
1.7378e-05 4.06403 0.61025 0.436971
1.77828e-05 4.06403 0.61025 0.436971
1.8197e-05 4.06403 0.61025 0.436971
1.86209e-05 4.06403 0.61025 0.436921
1.90546e-05 4.06403 0.610251 0.436946
1.94984e-05 4.06403 0.610251 0.436946
1.99526e-05 4.06403 0.610251 0.436946
2.04174e-05 4.06403 0.610252 0.436971
2.0893e-05 4.06403 0.610252 0.436946
2.13796e-05 4.06404 0.610252 0.436971
2.18776e-05 4.06404 0.610253 0.436971
2.23872e-05 4.06404 0.610253 0.436946
2.29087e-05 4.06404 0.610254 0.436946
2.34423e-05 4.06404 0.610254 0.436946
2.39883e-05 4.06404 0.610254 0.436971
2.45471e-05 4.06404 0.610255 0.436946
2.51189e-05 4.06404 0.610255 0.436946
2.5704e-05 4.06404 0.610256 0.436946
2.63027e-05 4.06404 0.610256 0.436971
2.69153e-05 4.06404 0.610256 0.436946
2.75423e-05 4.06405 0.610257 0.436971
2.81838e-05 4.06405 0.610257 0.436971
2.88403e-05 4.06405 0.610258 0.436971
2.95121e-05 4.06405 0.610258 0.436921
3.01995e-05 4.06405 0.610259 0.436946
3.0903e-05 4.06405 0.610259 0.436946
3.16228e-05 4.06405 0.61026 0.436946
3.23594e-05 4.06405 0.61026 0.436946
3.31131e-05 4.06405 0.610261 0.436946
3.38844e-05 4.06406 0.610261 0.436946
3.46737e-05 4.06406 0.610262 0.436946
3.54813e-05 4.06406 0.610263 0.436946
3.63078e-05 4.06406 0.610263 0.436946
3.71535e-05 4.06406 0.610264 0.436971
3.80189e-05 4.06406 0.610264 0.436971
3.89045e-05 4.06406 0.610265 0.436971
3.98107e-05 4.06407 0.610266 0.436946
4.0738e-05 4.06407 0.610266 0.436971
4.16869e-05 4.06407 0.610267 0.436971
4.2658e-05 4.06407 0.610268 0.436921
4.36516e-05 4.06407 0.610268 0.436971
4.46684e-05 4.06407 0.610269 0.436971
4.57088e-05 4.06407 0.61027 0.436946
4.67735e-05 4.06408 0.610271 0.436946
4.7863e-05 4.06408 0.610271 0.436946
4.89779e-05 4.06408 0.610272 0.436971
5.01187e-05 4.06408 0.610273 0.436946
5.12861e-05 4.06408 0.610274 0.436971
5.24807e-05 4.06409 0.610275 0.436921
5.37032e-05 4.06409 0.610276 0.436946
5.49541e-05 4.06409 0.610276 0.436946
5.62341e-05 4.06409 0.610277 0.436971
5.7544e-05 4.06409 0.610278 0.436946
5.88844e-05 4.0641 0.610279 0.436946
6.0256e-05 4.0641 0.61028 0.436946
6.16595e-05 4.0641 0.610281 0.436947
6.30957e-05 4.0641 0.610282 0.436972
6.45654e-05 4.06411 0.610283 0.436972
6.60693e-05 4.06411 0.610284 0.436972
6.76083e-05 4.06411 0.610286 0.436997
6.91831e-05 4.06411 0.610287 0.436972
7.07946e-05 4.06412 0.610288 0.436947
7.24436e-05 4.06412 0.610289 0.436997
7.4131e-05 4.06412 0.61029 0.436947
7.58578e-05 4.06412 0.610291 0.436947
7.76247e-05 4.06413 0.610293 0.436972
7.94328e-05 4.06413 0.610294 0.436972
8.12831e-05 4.06413 0.610295 0.436947
8.31764e-05 4.06414 0.610297 0.437022
8.51138e-05 4.06414 0.610298 0.436972
8.70964e-05 4.06414 0.610299 0.436972
8.91251e-05 4.06415 0.610301 0.436922
9.12011e-05 4.06415 0.610302 0.436972
9.33254e-05 4.06415 0.610304 0.436947
9.54993e-05 4.06416 0.610305 0.436972
9.77237e-05 4.06416 0.610307 0.436972
0.0001 4.06416 0.610309 0.436947
0.000102329 4.06417 0.61031 0.436972
0.000104713 4.06417 0.610312 0.436947
0.000107152 4.06418 0.610314 0.436947
0.000109648 4.06418 0.610316 0.436947
0.000112202 4.06418 0.610317 0.436997
0.000114815 4.06419 0.610319 0.436897
0.00011749 4.06419 0.610321 0.436947
0.000120226 4.0642 0.610323 0.436947
0.000123027 4.0642 0.610325 0.436947
0.000125893 4.06421 0.610327 0.436972
0.000128825 4.06421 0.610329 0.436997
0.000131826 4.06422 0.610331 0.436947
0.000134896 4.06422 0.610334 0.436972
0.000138038 4.06423 0.610336 0.436947
0.000141254 4.06423 0.610338 0.436972
0.000144544 4.06424 0.610341 0.436947
0.000147911 4.06424 0.610343 0.436948
0.000151356 4.06425 0.610345 0.436948
0.000154882 4.06425 0.610348 0.436973
0.000158489 4.06426 0.610351 0.436973
0.000162181 4.06427 0.610353 0.436948
0.000165959 4.06427 0.610356 0.436973
0.000169824 4.06428 0.610359 0.436973
0.00017378 4.06428 0.610362 0.436973
0.000177828 4.06429 0.610364 0.436948
0.00018197 4.0643 0.610367 0.436973
0.000186209 4.06431 0.61037 0.436948
0.000190546 4.06431 0.610374 0.436948
0.000194984 4.06432 0.610377 0.436923
0.000199526 4.06433 0.61038 0.436948
0.000204174 4.06433 0.610383 0.436923
0.00020893 4.06434 0.610387 0.436973
0.000213796 4.06435 0.61039 0.436948
0.000218776 4.06436 0.610394 0.436973
0.000223872 4.06437 0.610397 0.436923
0.000229087 4.06438 0.610401 0.436974
0.000234423 4.06438 0.610405 0.436974
0.000239883 4.06439 0.610409 0.436949
0.000245471 4.0644 0.610413 0.436974
0.000251189 4.06441 0.610417 0.436949
0.00025704 4.06442 0.610421 0.436974
0.000263027 4.06443 0.610425 0.436949
0.000269153 4.06444 0.61043 0.436974
0.000275423 4.06445 0.610434 0.436974
0.000281838 4.06446 0.610439 0.436949
0.000288403 4.06447 0.610444 0.436974
0.000295121 4.06448 0.610448 0.436974
0.000301995 4.06449 0.610453 0.436949
0.00030903 4.06451 0.610458 0.436949
0.000316228 4.06452 0.610464 0.43695
0.000323594 4.06453 0.610469 0.436975
0.000331131 4.06454 0.610474 0.436975
0.000338844 4.06456 0.61048 0.436975
0.000346737 4.06457 0.610485 0.43695
0.000354813 4.06458 0.610491 0.43695
0.000363078 4.06459 0.610497 0.43695
0.000371535 4.06461 0.610503 0.43695
0.000380189 4.06462 0.610509 0.43695
0.000389045 4.06464 0.610516 0.43695
0.000398107 4.06465 0.610522 0.436976
0.00040738 4.06467 0.610529 0.436976
0.000416869 4.06468 0.610536 0.436976
0.00042658 4.0647 0.610542 0.437001
0.000436516 4.06472 0.61055 0.436951
0.000446684 4.06473 0.610557 0.436976
0.000457088 4.06475 0.610564 0.437001
0.000467735 4.06477 0.610572 0.436951
0.00047863 4.06478 0.61058 0.436976
0.000489779 4.0648 0.610588 0.436977
0.000501187 4.06482 0.610596 0.437002
0.000512861 4.06484 0.610604 0.436952
0.000524807 4.06486 0.610613 0.436952
0.000537032 4.06488 0.610622 0.436952
0.000549541 4.0649 0.61063 0.437002
0.000562341 4.06492 0.61064 0.436952
0.00057544 4.06494 0.610649 0.436953
0.000588844 4.06496 0.610659 0.436978
0.00060256 4.06499 0.610668 0.436953
0.000616595 4.06501 0.610678 0.436953
0.000630957 4.06503 0.610689 0.436953
0.000645654 4.06506 0.610699 0.436978
0.000660693 4.06508 0.61071 0.436979
0.000676083 4.06511 0.610721 0.436979
0.000691831 4.06513 0.610732 0.436979
0.000707946 4.06516 0.610744 0.436954
0.000724436 4.06519 0.610756 0.437004
0.00074131 4.06521 0.610768 0.436955
0.000758578 4.06524 0.61078 0.437005
0.000776247 4.06527 0.610793 0.43693
0.000794328 4.0653 0.610806 0.436955
0.000812831 4.06533 0.610819 0.43698
0.000831764 4.06536 0.610832 0.436981
0.000851138 4.06539 0.610846 0.437006
0.000870964 4.06543 0.61086 0.436981
0.000891251 4.06546 0.610875 0.437006
0.000912011 4.06549 0.61089 0.436932
0.000933254 4.06553 0.610905 0.436957
0.000954993 4.06556 0.610921 0.436982
0.000977237 4.0656 0.610936 0.436957
0.001 4.06564 0.610953 0.436933
0.00102329 4.06568 0.610969 0.436983
0.00104713 4.06571 0.610986 0.436983
0.00107152 4.06575 0.611004 0.436959
0.00109648 4.0658 0.611022 0.436959
0.00112202 4.06584 0.61104 0.436984
0.00114815 4.06588 0.611059 0.436984
0.0011749 4.06592 0.611078 0.43696
0.00120226 4.06597 0.611097 0.43696
0.00123027 4.06601 0.611117 0.436985
0.00125893 4.06606 0.611138 0.436986
0.00128825 4.06611 0.611159 0.436986
0.00131826 4.06616 0.61118 0.437011
0.00134896 4.06621 0.611202 0.436962
0.00138038 4.06626 0.611225 0.436962
0.00141254 4.06631 0.611248 0.436963
0.00144544 4.06637 0.611271 0.436963
0.00147911 4.06642 0.611295 0.436988
0.00151356 4.06648 0.61132 0.436989
0.00154882 4.06654 0.611345 0.436989
0.00158489 4.06659 0.611371 0.437015
0.00162181 4.06666 0.611397 0.43699
0.00165959 4.06672 0.611424 0.436965
0.00169824 4.06678 0.611452 0.436991
0.0017378 4.06684 0.61148 0.436966
0.00177828 4.06691 0.611509 0.436967
0.0018197 4.06698 0.611539 0.436992
0.00186209 4.06705 0.611569 0.436993
0.00190546 4.06712 0.6116 0.436993
0.00194984 4.06719 0.611632 0.436994
0.00199526 4.06727 0.611664 0.436994
0.00204174 4.06734 0.611697 0.43702
0.0020893 4.06742 0.611731 0.436996
0.00213796 4.0675 0.611766 0.436996
0.00218776 4.06758 0.611802 0.436972
0.00223872 4.06766 0.611838 0.437022
0.00229087 4.06775 0.611875 0.437023
0.00234423 4.06784 0.611913 0.436999
0.00239883 4.06793 0.611952 0.437024
0.00245471 4.06802 0.611992 0.437
0.00251189 4.06811 0.612033 0.437026
0.0025704 4.06821 0.612075 0.437026
0.00263027 4.0683 0.612118 0.437002
0.00269153 4.0684 0.612161 0.437003
0.00275423 4.06851 0.612206 0.437003
0.00281838 4.06861 0.612252 0.437029
0.00288403 4.06872 0.612299 0.43703
0.00295121 4.06883 0.612347 0.437006
0.00301995 4.06894 0.612396 0.437006
0.0030903 4.06905 0.612446 0.437032
0.00316228 4.06917 0.612497 0.437008
0.00323594 4.06929 0.61255 0.437009
0.00331131 4.06942 0.612604 0.436985
0.00338844 4.06954 0.612659 0.437011
0.00346737 4.06967 0.612715 0.437012
0.00354813 4.0698 0.612773 0.437038
0.00363078 4.06994 0.612832 0.437014
0.00371535 4.07008 0.612892 0.43704
0.00380189 4.07022 0.612954 0.437041
0.00389045 4.07036 0.613017 0.437017
0.00398107 4.07051 0.613081 0.437043
0.0040738 4.07066 0.613147 0.437019
0.00416869 4.07081 0.613215 0.43702
0.0042658 4.07097 0.613284 0.437046
0.00436516 4.07113 0.613355 0.437047
0.00446684 4.0713 0.613428 0.437023
0.00457088 4.07147 0.613502 0.437024
0.00467735 4.07164 0.613577 0.437051
0.0047863 4.07182 0.613655 0.437077
0.00489779 4.072 0.613734 0.437028
0.00501187 4.07219 0.613816 0.437029
0.00512861 4.07238 0.613899 0.437056
0.00524807 4.07257 0.613984 0.437032
0.00537032 4.07277 0.614071 0.437059
0.00549541 4.07298 0.61416 0.437035
0.00562341 4.07318 0.614251 0.437061
0.0057544 4.0734 0.614344 0.437063
0.00588844 4.07362 0.61444 0.437065
0.0060256 4.07384 0.614537 0.437091
0.00616595 4.07407 0.614637 0.437068
0.00630957 4.0743 0.614739 0.437069
0.00645654 4.07454 0.614844 0.437046
0.00660693 4.07479 0.61495 0.437098
0.00676083 4.07504 0.61506 0.437074
0.00691831 4.07529 0.615172 0.437101
0.00707946 4.07555 0.615286 0.437078
0.00724436 4.07582 0.615403 0.43708
0.0074131 4.0761 0.615523 0.437082
0.00758578 4.07638 0.615646 0.437084
0.00776247 4.07666 0.615771 0.437111
0.00794328 4.07696 0.6159 0.437088
0.00812831 4.07726 0.616031 0.437115
0.00831764 4.07756 0.616165 0.437092
0.00851138 4.07788 0.616303 0.437119
0.00870964 4.0782 0.616443 0.437146
0.00891251 4.07853 0.616587 0.437073
0.00912011 4.07887 0.616734 0.437101
0.00933254 4.07921 0.616885 0.437153
0.00954993 4.07956 0.617039 0.43713
0.00977237 4.07992 0.617196 0.437133
0.01 4.08029 0.617358 0.437135
0.0102329 4.08067 0.617522 0.437138
0.0104713 4.08106 0.617691 0.437166
0.0107152 4.08145 0.617864 0.437143
0.0109648 4.08185 0.61804 0.437121
0.0112202 4.08227 0.618221 0.437149
0.0114815 4.08269 0.618406 0.437177
0.011749 4.08312 0.618595 0.437154
0.0120226 4.08356 0.618788 0.437182
0.0123027 4.08402 0.618986 0.437186
0.0125893 4.08448 0.619188 0.437189
0.0128825 4.08495 0.619395 0.437166
0.0131826 4.08544 0.619607 0.437195
0.0134896 4.08593 0.619824 0.437173
0.0138038 4.08644 0.620045 0.437201
0.0141254 4.08696 0.620272 0.437205
0.0144544 4.08749 0.620504 0.437183
0.0147911 4.08803 0.620741 0.437237
0.0151356 4.08859 0.620984 0.437215
0.0154882 4.08915 0.621232 0.437244
0.0158489 4.08973 0.621486 0.437222
0.0162181 4.09033 0.621745 0.437277
0.0165959 4.09094 0.622011 0.43723
0.0169824 4.09156 0.622283 0.437259
0.017378 4.09219 0.622561 0.437263
0.0177828 4.09284 0.622845 0.437293
0.018197 4.09351 0.623136 0.437272
0.0186209 4.09419 0.623433 0.437302
0.0190546 4.09488 0.623737 0.437306
0.0194984 4.09559 0.624048 0.43731
0.0199526 4.09632 0.624366 0.437289
0.0204174 4.09707 0.624692 0.437319
0.020893 4.09783 0.625025 0.437324
0.0213796 4.09861 0.625365 0.437354
0.0218776 4.0994 0.625713 0.437283
0.0223872 4.10022 0.626069 0.437338
0.0229087 4.10105 0.626433 0.437344
0.0234423 4.1019 0.626806 0.437348
0.0239883 4.10277 0.627187 0.437379
0.0245471 4.10366 0.627576 0.437359
0.0251189 4.10457 0.627975 0.437415
0.025704 4.1055 0.628382 0.437395
0.0263027 4.10646 0.628799 0.4374
0.0269153 4.10743 0.629225 0.437432
0.0275423 4.10843 0.62966 0.437463
0.0281838 4.10945 0.630106 0.437469
0.0288403 4.11049 0.630562 0.43745
0.0295121 4.11155 0.631027 0.437481
0.0301995 4.11264 0.631504 0.437462
0.030903 4.11375 0.631991 0.437493
0.0316228 4.11489 0.632489 0.4375
0.0323594 4.11606 0.632998 0.437481
0.0331131 4.11725 0.633519 0.437513
0.0338844 4.11846 0.634052 0.43752
0.0346737 4.11971 0.634596 0.437526
0.0354813 4.12098 0.635153 0.437507
0.0363078 4.12228 0.635722 0.437565
0.0371535 4.12361 0.636304 0.437572
0.0380189 4.12497 0.636898 0.43758
0.0389045 4.12636 0.637507 0.437612
0.0398107 4.12778 0.638128 0.43762
0.040738 4.12923 0.638764 0.437602
0.0416869 4.13072 0.639414 0.437635
0.042658 4.13224 0.640078 0.437667
0.0436516 4.13379 0.640757 0.437676
0.0446684 4.13537 0.641451 0.437657
0.0457088 4.13699 0.642161 0.437717
0.0467735 4.13865 0.642886 0.437699
0.047863 4.14035 0.643627 0.437707
0.0489779 4.14208 0.644385 0.437767
0.0501187 4.14385 0.64516 0.437748
0.0512861 4.14565 0.645951 0.437784
0.0524807 4.1475 0.646761 0.437766
0.0537032 4.14939 0.647587 0.4378
0.0549541 4.15132 0.648433 0.437835
0.0562341 4.15329 0.649296 0.437817
0.057544 4.15531 0.650179 0.437852
0.0588844 4.15737 0.651081 0.43786
0.060256 4.15948 0.652003 0.437894
0.0616595 4.16163 0.652945 0.437877
0.0630957 4.16383 0.653907 0.437938
0.0645654 4.16607 0.654891 0.437947
0.0660693 4.16837 0.655896 0.437982
0.0676083 4.17071 0.656923 0.437964
0.0691831 4.17311 0.657972 0.438026
0.0707946 4.17555 0.659044 0.438008
0.0724436 4.17805 0.660139 0.438016
0.074131 4.18061 0.661258 0.438078
0.0758578 4.18322 0.662401 0.43806
0.0776247 4.18588 0.663568 0.438122
0.0794328 4.1886 0.664761 0.438104
0.0812831 4.19138 0.665979 0.438166
0.0831764 4.19422 0.667224 0.438174
0.0851138 4.19713 0.668495 0.438155
0.0870964 4.20009 0.669793 0.438218
0.0891251 4.20311 0.671119 0.438199
0.0912011 4.2062 0.672473 0.438233
0.0933254 4.20936 0.673856 0.438267
0.0954993 4.21258 0.675269 0.438251
0.0977237 4.21587 0.676711 0.43831
0.1 4.21923 0.678184 0.438318
0.102329 4.22266 0.679687 0.438352
0.104713 4.22617 0.681223 0.438331
0.107152 4.22974 0.682791 0.438419
0.109648 4.23339 0.684391 0.438425
0.112202 4.23712 0.686026 0.438432
0.114815 4.24093 0.687694 0.438438
0.11749 4.24481 0.689397 0.438444
0.120226 4.24878 0.691135 0.438529
0.123027 4.25282 0.69291 0.438508
0.125893 4.25695 0.694721 0.438512
0.128825 4.26117 0.69657 0.438572
0.131826 4.26547 0.698457 0.4386
0.134896 4.26986 0.700382 0.438603
0.138038 4.27434 0.702347 0.438578
0.141254 4.27891 0.704352 0.438663
0.144544 4.28358 0.706399 0.438692
0.147911 4.28834 0.708486 0.438691
0.151356 4.29319 0.710616 0.438721
0.154882 4.29814 0.71279 0.438747
0.158489 4.3032 0.715007 0.438747
0.162181 4.30835 0.717269 0.438746
0.165959 4.31361 0.719576 0.438797
0.169824 4.31898 0.721929 0.438765
0.17378 4.32445 0.72433 0.438846
0.177828 4.33002 0.726778 0.438838
0.18197 4.33571 0.729275 0.438859
0.186209 4.34152 0.731821 0.438855
0.190546 4.34743 0.734418 0.438873
0.194984 4.35346 0.737066 0.438918
0.199526 4.35962 0.739765 0.438934
0.204174 4.36589 0.742518 0.438922
0.20893 4.37228 0.745324 0.438967
0.213796 4.3788 0.748185 0.438979
0.218776 4.38544 0.751101 0.438992
0.223872 4.39221 0.754073 0.438971
0.229087 4.39911 0.757103 0.439038
0.234423 4.40615 0.760191 0.438989
0.239883 4.41331 0.763338 0.438997
0.245471 4.42062 0.766545 0.438999
0.251189 4.42806 0.769812 0.439031
0.25704 4.43565 0.773142 0.439028
0.263027 4.44337 0.776534 0.439028
0.269153 4.45125 0.779991 0.439026
0.275423 4.45926 0.783511 0.439049
0.281838 4.46743 0.787098 0.439036
0.288403 4.47576 0.790751 0.439028
0.295121 4.48423 0.794472 0.439014
0.301995 4.49286 0.798262 0.439033
0.30903 4.50165 0.802121 0.438983
0.316228 4.51061 0.806051 0.438934
0.323594 4.51972 0.810052 0.438967
0.331131 4.529 0.814127 0.438972
0.338844 4.53845 0.818275 0.438946
0.346737 4.54807 0.822497 0.438911
0.354813 4.55787 0.826796 0.43888
0.363078 4.56784 0.831171 0.438869
0.371535 4.57799 0.835625 0.438827
0.380189 4.58831 0.840157 0.438779
0.389045 4.59883 0.84477 0.438764
0.398107 4.60952 0.849463 0.43874
0.40738 4.62041 0.854239 0.43868
0.416869 4.63149 0.859098 0.438656
0.42658 4.64276 0.864041 0.438592
0.436516 4.65422 0.86907 0.438544
0.446684 4.66589 0.874185 0.438476
0.457088 4.67775 0.879388 0.438454
0.467735 4.68983 0.88468 0.438403
0.47863 4.7021 0.890062 0.438319
0.489779 4.71459 0.895535 0.438254
0.501187 4.72729 0.9011 0.438189
0.512861 4.74021 0.906758 0.438055
0.524807 4.75334 0.912511 0.43798
0.537032 4.76669 0.918359 0.437863
0.549541 4.78027 0.924303 0.43781
0.562341 4.79407 0.930346 0.437688
0.57544 4.80811 0.936488 0.437614
0.588844 4.82237 0.942729 0.437506
0.60256 4.83687 0.949072 0.437398
0.616595 4.85161 0.955518 0.43724
0.630957 4.86659 0.962066 0.43712
0.645654 4.88181 0.96872 0.436989
0.660693 4.89728 0.97548 0.436856
0.676083 4.913 0.982346 0.436739
0.691831 4.92898 0.989321 0.436553
0.707946 4.94521 0.996406 0.436389
0.724436 4.9617 1.0036 0.436216
0.74131 4.97845 1.01091 0.436049
0.758578 4.99547 1.01833 0.435824
0.776247 5.01276 1.02586 0.435675
0.794328 5.03032 1.03351 0.435472
0.812831 5.04815 1.04127 0.435264
0.831764 5.06627 1.04916 0.435074
0.851138 5.08466 1.05716 0.434855
0.870964 5.10335 1.06528 0.434624
0.891251 5.12232 1.07353 0.434375
0.912011 5.14158 1.08189 0.434157
0.933254 5.16114 1.09038 0.43389
0.954993 5.181 1.09899 0.433646
0.977237 5.20116 1.10773 0.433376
1 5.22162 1.1166 0.433147
1.02329 5.2424 1.1256 0.432812
1.04713 5.26349 1.13472 0.432532
1.07152 5.2849 1.14398 0.43221
1.09648 5.30663 1.15337 0.431935
1.12202 5.32868 1.16289 0.431556
1.14815 5.35106 1.17254 0.431195
1.1749 5.37378 1.18233 0.430906
1.20226 5.39683 1.19226 0.430514
1.23027 5.42022 1.20233 0.430158
1.25893 5.44395 1.21253 0.429748
1.28825 5.46803 1.22288 0.429373
1.31826 5.49246 1.23336 0.428951
1.34896 5.51725 1.24399 0.428535
1.38038 5.5424 1.25476 0.428123
1.41254 5.56792 1.26568 0.427643
1.44544 5.5938 1.27674 0.427214
1.47911 5.62006 1.28795 0.426746
1.51356 5.64669 1.29931 0.426309
1.54882 5.6737 1.31082 0.425833
1.58489 5.7011 1.32248 0.425299
1.62181 5.72889 1.33429 0.424779
1.65959 5.75708 1.34626 0.424249
1.69824 5.78567 1.35838 0.42372
1.7378 5.81466 1.37065 0.423148
1.77828 5.84405 1.38309 0.422501
1.8197 5.87387 1.39568 0.421992
1.86209 5.9041 1.40842 0.42139
1.90546 5.93475 1.42133 0.420739
1.94984 5.96584 1.4344 0.420158
1.99526 5.99736 1.44763 0.419519
2.04174 6.02931 1.46103 0.418889
2.0893 6.06171 1.47459 0.418177
2.13796 6.09456 1.48831 0.41747
2.18776 6.12787 1.50221 0.416765
2.23872 6.16163 1.51627 0.416048
2.29087 6.19586 1.5305 0.415379
2.34423 6.23057 1.5449 0.414581
2.39883 6.26574 1.55947 0.413858
2.45471 6.30141 1.57421 0.413067
2.51189 6.33756 1.58913 0.412249
2.5704 6.3742 1.60422 0.411469
2.63027 6.41135 1.61949 0.410646
2.69153 6.449 1.63493 0.409779
2.75423 6.48716 1.65056 0.408909
2.81838 6.52584 1.66636 0.408038
2.88403 6.56505 1.68234 0.40718
2.95121 6.60479 1.6985 0.406241
3.01995 6.64507 1.71484 0.405305
3.0903 6.6859 1.73137 0.404423
3.16228 6.72727 1.74808 0.40338
3.23594 6.76921 1.76497 0.402394
3.31131 6.81171 1.78206 0.401374
3.38844 6.85478 1.79932 0.400435
3.46737 6.89843 1.81678 0.399372
3.54813 6.94267 1.83443 0.398345
3.63078 6.98751 1.85226 0.397295
3.71535 7.03294 1.87029 0.396181
3.80189 7.07899 1.8885 0.3951
3.89045 7.12566 1.90692 0.393959
3.98107 7.17295 1.92552 0.392852
4.0738 7.22087 1.94432 0.391692
4.16869 7.26944 1.96331 0.39045
4.2658 7.31866 1.9825 0.389279
4.36516 7.36853 2.00189 0.388084
4.46684 7.41908 2.02148 0.386886
4.57088 7.4703 2.04126 0.385659
4.67735 7.5222 2.06124 0.384455
4.7863 7.5748 2.08143 0.383085
4.89779 7.6281 2.10181 0.381804
5.01187 7.68212 2.1224 0.380548
5.12861 7.73685 2.14319 0.379114
5.24807 7.79232 2.16419 0.377774
5.37032 7.84853 2.18539 0.376426
5.49541 7.90549 2.20679 0.375052
5.62341 7.96321 2.2284 0.373647
5.7544 8.02171 2.25022 0.372237
5.88844 8.08098 2.27224 0.370757
6.0256 8.14105 2.29447 0.369366
6.16595 8.20192 2.31691 0.367938
6.30957 8.26361 2.33956 0.366453
6.45654 8.32612 2.36242 0.364955
6.60693 8.38948 2.38549 0.363416
6.76083 8.45367 2.40877 0.36186
6.91831 8.51874 2.43226 0.360226
7.07946 8.58467 2.45596 0.358672
7.24436 8.65149 2.47988 0.357231
7.4131 8.7192 2.50401 0.355503
7.58578 8.78783 2.52835 0.353861
7.76247 8.85737 2.5529 0.352251
7.94328 8.92786 2.57767 0.350585
8.12831 8.99929 2.60266 0.348884
8.31764 9.07169 2.62786 0.347208
8.51138 9.14506 2.65327 0.345551
8.70964 9.21942 2.6789 0.343809
8.91251 9.29479 2.70475 0.34209
9.12011 9.37117 2.73081 0.340347
9.33254 9.44859 2.75709 0.338565
9.54993 9.52706 2.78359 0.336769
9.77237 9.60659 2.8103 0.334998
10 9.6872 2.83723 0.333182
10.2329 9.76891 2.86437 0.331333
10.4713 9.85172 2.89174 0.329431
10.7152 9.93567 2.91932 0.327587
10.9648 10.0208 2.94712 0.325747
11.2202 10.107 2.97514 0.323853
11.4815 10.1944 3.00337 0.321976
11.749 10.2831 3.03182 0.320066
12.0226 10.3729 3.06049 0.318157
12.3027 10.464 3.08938 0.316222
12.5893 10.5563 3.11848 0.314283
12.8825 10.6499 3.1478 0.312217
13.1826 10.7448 3.17734 0.310252
13.4896 10.841 3.20709 0.308348
13.8038 10.9385 3.23706 0.306325
14.1254 11.0374 3.26725 0.304338
14.4544 11.1376 3.29765 0.302253
14.7911 11.2392 3.32827 0.300268
15.1356 11.3423 3.3591 0.298173
15.4882 11.4467 3.39015 0.29615
15.8489 11.5527 3.42141 0.294045
16.2181 11.6601 3.45288 0.292095
16.5959 11.769 3.48457 0.289935
16.9824 11.8794 3.51647 0.287842
17.378 11.9914 3.54858 0.285742
17.7828 12.1049 3.5809 0.283609
18.197 12.2201 3.61343 0.281457
18.6209 12.3369 3.64618 0.279374
19.0546 12.4553 3.67913 0.277188
19.4984 12.5754 3.71229 0.275002
19.9526 12.6972 3.74565 0.27289
20.4174 12.8207 3.77923 0.270734
20.893 12.946 3.81301 0.268498
21.3796 13.073 3.84699 0.266419
21.8776 13.2019 3.88117 0.264143
22.3872 13.3326 3.91556 0.261982
22.9087 13.4652 3.95015 0.25975
23.4423 13.5997 3.98494 0.25755
23.9883 13.7361 4.01993 0.255364
24.5471 13.8745 4.05512 0.253113
25.1189 14.0149 4.0905 0.250861
25.704 14.1573 4.12608 0.248739
26.3027 14.3018 4.16185 0.246451
26.9153 14.4484 4.19781 0.244205
27.5423 14.5971 4.23396 0.241972
28.1838 14.748 4.27031 0.239794
28.8403 14.9011 4.30684 0.237546
29.5121 15.0564 4.34355 0.235293
30.1995 15.214 4.38045 0.233035
30.903 15.3739 4.41754 0.23076
31.6228 15.5361 4.4548 0.228537
32.3594 15.7008 4.49225 0.226282
33.1131 15.8679 4.52987 0.224034
33.8844 16.0374 4.56766 0.221771
34.6737 16.2095 4.60563 0.219494
35.4813 16.3841 4.64377 0.217173
36.3078 16.5614 4.68208 0.214989
37.1535 16.7413 4.72055 0.212817
38.0189 16.9239 4.7592 0.21045
38.9045 17.1092 4.798 0.208249
39.8107 17.2973 4.83696 0.20599
40.738 17.4882 4.87609 0.203796
41.6869 17.682 4.91536 0.201511
42.658 17.8788 4.95479 0.199201
43.6516 18.0785 4.99438 0.197061
44.6684 18.2813 5.03411 0.194771
45.7088 18.4872 5.07398 0.192612
46.7735 18.6962 5.114 0.190391
47.863 18.9084 5.15416 0.188125
48.9779 19.1239 5.19446 0.185962
50.1187 19.3426 5.23489 0.183686
51.2861 19.5648 5.27545 0.181507
52.4807 19.7904 5.31615 0.17928
53.7032 20.0194 5.35696 0.177189
54.9541 20.252 5.39791 0.174904
56.2341 20.4883 5.43897 0.172738
57.544 20.7282 5.48015 0.170592
58.8844 20.9719 5.52144 0.168395
60.256 21.2193 5.56284 0.166249
61.6595 21.4707 5.60435 0.164033
63.0957 21.726 5.64597 0.161884
64.5654 21.9854 5.68768 0.159798
66.0693 22.2488 5.7295 0.15761
67.6083 22.5164 5.7714 0.155463
69.1831 22.7883 5.8134 0.153371
70.7946 23.0645 5.85548 0.15132
72.4436 23.3451 5.89764 0.14928
74.131 23.6302 5.93989 0.147171
75.8578 23.9199 5.98221 0.145047
77.6247 24.2142 6.0246 0.142951
79.4328 24.5133 6.06706 0.140954
81.2831 24.8172 6.10958 0.13896
83.1764 25.126 6.15216 0.136884
85.1138 25.4398 6.1948 0.134851
87.0964 25.7588 6.23749 0.13277
89.1251 26.0829 6.28022 0.130873
91.2011 26.4123 6.323 0.128839
93.3254 26.7472 6.36582 0.126847
95.4993 27.0875 6.40868 0.124975
97.7237 27.4334 6.45156 0.122978
100 27.7851 6.49447 0.121069
102.329 28.1426 6.53741 0.11908
104.713 28.506 6.58036 0.117209
107.152 28.8754 6.62332 0.115365
109.648 29.251 6.66629 0.113489
112.202 29.6329 6.70927 0.11156
114.815 30.0212 6.75224 0.109767
117.49 30.416 6.79521 0.107941
120.226 30.8175 6.83817 0.106052
123.027 31.2257 6.88111 0.104267
125.893 31.6409 6.92403 0.10248
128.825 32.0631 6.96693 0.10069
131.826 32.4925 7.0098 0.0989714
134.896 32.9292 7.05263 0.0971481
138.038 33.3734 7.09542 0.0954384
141.254 33.8252 7.13817 0.0937909
144.544 34.2847 7.18087 0.0920509
147.911 34.7522 7.22351 0.0904442
151.356 35.2277 7.2661 0.0886848
154.882 35.7115 7.30862 0.087053
158.489 36.2037 7.35106 0.0854493
162.181 36.7044 7.39344 0.0838137
165.959 37.2139 7.43573 0.082191
169.824 37.7323 7.47793 0.0806629
173.78 38.2598 7.52004 0.0790284
177.828 38.7966 7.56206 0.0774779
181.97 39.3428 7.60397 0.0759355
186.209 39.8987 7.64577 0.0744009
190.546 40.4645 7.68746 0.0729572
194.984 41.0403 7.72903 0.0714928
199.526 41.6263 7.77048 0.0700322
204.174 42.2228 7.8118 0.0685533
208.93 42.83 7.85298 0.0671434
213.796 43.4481 7.89402 0.0656831
218.776 44.0773 7.93491 0.0642776
223.872 44.7179 7.97565 0.0629228
229.087 45.3701 8.01623 0.0615864
234.423 46.034 8.05665 0.0602209
239.883 46.7101 8.09689 0.0588741
245.471 47.3985 8.13697 0.0575709
251.189 48.0994 8.17686 0.056325
257.04 48.8133 8.21656 0.0550252
263.027 49.5402 8.25607 0.0537165
269.153 50.2805 8.29539 0.0524311
275.423 51.0345 8.33449 0.0512425
281.838 51.8024 8.37339 0.050012
288.403 52.5846 8.41208 0.0488355
295.121 53.3814 8.45054 0.0476882
301.995 54.193 8.48877 0.0465215
309.03 55.0198 8.52677 0.0453829
316.228 55.8621 8.56453 0.0442641
323.594 56.7203 8.60205 0.0431396
331.131 57.5946 8.63932 0.0420519
338.844 58.4855 8.67633 0.0410325
346.737 59.3932 8.71307 0.0399816
354.813 60.3182 8.74955 0.0389456
363.078 61.2609 8.78576 0.0379029
371.535 62.2215 8.82169 0.0368698
380.189 63.2005 8.85733 0.0358854
389.045 64.1983 8.89268 0.0349553
398.107 65.2154 8.92773 0.0339466
407.38 66.252 8.96248 0.0330361
416.869 67.3087 8.99693 0.0321294
426.58 68.386 9.03106 0.0312015
436.516 69.4841 9.06487 0.030336
446.684 70.6037 9.09835 0.0294651
457.088 71.7452 9.13151 0.0286278
467.735 72.9091 9.16432 0.0277555
478.63 74.0958 9.1968 0.02703
489.779 75.3059 9.22893 0.0261762
501.187 76.5399 9.26071 0.0253002
512.861 77.7984 9.29213 0.024592
524.807 79.0819 9.32318 0.0238304
537.032 80.3909 9.35387 0.0231055
549.541 81.726 9.38418 0.0223326
562.341 83.0879 9.41411 0.0216697
575.44 84.4771 9.44366 0.0209043
588.844 85.8942 9.47281 0.0202535
602.56 87.3399 9.50158 0.0195583
616.595 88.8149 9.52994 0.0189524
630.957 90.3197 9.55789 0.018265
645.654 91.8552 9.58544 0.0176341
660.693 93.4219 9.61257 0.0170237
676.083 95.0206 9.63928 0.0163934
691.831 96.6521 9.66556 0.0158671
707.946 98.3171 9.69142 0.0152572
724.436 100.016 9.71684 0.0147093
741.31 101.751 9.74182 0.0141197
758.578 103.521 9.76635 0.0135954
776.247 105.328 9.79044 0.0130599
794.328 107.173 9.81407 0.0125082
812.831 109.056 9.83725 0.0121069
831.764 110.978 9.85996 0.0115939
851.138 112.941 9.88221 0.0111156
870.964 114.945 9.90399 0.0106455
891.251 116.991 9.92529 0.0101948
912.011 119.08 9.94611 0.00972892
933.254 121.214 9.96646 0.00932452
954.993 123.393 9.98631 0.00889385
977.237 125.618 10.0057 0.00849445
1000 127.891 10.0245 0.00806154
1023.29 130.213 10.0429 0.00771913
1047.13 132.584 10.0608 0.00734261
1071.52 135.006 10.0781 0.0070089
1096.48 137.48 10.095 0.00661062
1122.02 140.008 10.1113 0.00629858
1148.15 142.591 10.1272 0.00596045
1174.9 145.23 10.1425 0.00561424
1202.26 147.926 10.1573 0.00534704
1230.27 150.681 10.1715 0.00506826
1258.93 153.497 10.1853 0.00474628
1288.25 156.374 10.1985 0.00442136
1318.26 159.314 10.2112 0.0041744
1348.96 162.32 10.2233 0.00389369
1380.38 165.391 10.2349 0.00365467
1412.54 168.531 10.246 0.00338169
1445.44 171.741 10.2565 0.0031557
1479.11 175.022 10.2664 0.0029133
1513.56 178.376 10.2759 0.00268124
1548.82 181.806 10.2847 0.00248714
1584.89 185.312 10.2931 0.00226347
1621.81 188.897 10.3008 0.00207515
1659.59 192.563 10.3081 0.00186381
1698.24 196.312 10.3147 0.0016932
1737.8 200.146 10.3208 0.0014811
1778.28 204.067 10.3264 0.00131505
1819.7 208.077 10.3313 0.00117221
1862.09 212.179 10.3358 0.00100857
1905.46 216.375 10.3396 0.000840068
1949.84 220.666 10.3429 0.000690056
1995.26 225.057 10.3457 0.000547501
2041.74 229.549 10.3478 0.000420735
2089.3 234.144 10.3494 0.000279702
2137.96 238.846 10.3505 0.000153689
2187.76 243.658 10.3509 4.12513e-05
2238.72 248.581 10.3508 -7.41145e-05
2290.87 253.619 10.3502 -0.000194277
2344.23 258.775 10.3489 -0.000278752
2398.83 264.052 10.3471 -0.000391995
2454.71 269.452 10.3448 -0.000476649
2511.89 274.98 10.3418 -0.000577167
2570.4 280.639 10.3383 -0.000665696
2630.27 286.431 10.3343 -0.000754845
2691.53 292.361 10.3296 -0.000816907
2754.23 298.432 10.3244 -0.000897027
2818.38 304.647 10.3187 -0.00095419
2884.03 311.011 10.3124 -0.0010152
2951.21 317.528 10.3055 -0.00108259
3019.95 324.201 10.298 -0.00113759
3090.3 331.034 10.29 -0.00119295
3162.28 338.032 10.2815 -0.00125395
3235.94 345.2 10.2724 -0.00129878
3311.31 352.541 10.2627 -0.00133176
3388.44 360.06 10.2525 -0.00137594
3467.37 367.762 10.2417 -0.001416
3548.13 375.653 10.2304 -0.00144568
3630.78 383.736 10.2185 -0.00148314
3715.35 392.017 10.2061 -0.00151107
3801.89 400.502 10.1931 -0.00154222
3890.45 409.196 10.1797 -0.00156678
3981.07 418.104 10.1656 -0.00158906
4073.8 427.232 10.1511 -0.00160412
4168.69 436.587 10.136 -0.00161937
4265.8 446.175 10.1203 -0.00163788
4365.16 456.001 10.1042 -0.00165168
4466.84 466.072 10.0875 -0.00166272
4570.88 476.395 10.0703 -0.00166857
4677.35 486.977 10.0526 -0.00167906
4786.3 497.825 10.0343 -0.00168854
4897.79 508.946 10.0156 -0.00168742
5011.87 520.347 9.99636 -0.00167819
5128.61 532.037 9.9766 -0.0016873
5248.07 544.023 9.95635 -0.001686
5370.32 556.314 9.93561 -0.00169376
5495.41 568.918 9.91437 -0.00168236
5623.41 581.843 9.89264 -0.00167824
5754.4 595.099 9.87043 -0.00166989
5888.44 608.694 9.84774 -0.00166632
6025.6 622.638 9.82458 -0.00165642
6165.95 636.941 9.80094 -0.00165334
6309.57 651.614 9.77683 -0.00164
6456.54 666.665 9.75227 -0.0016304
6606.93 682.106 9.72724 -0.00161199
6760.83 697.948 9.70176 -0.00159879
6918.31 714.202 9.67583 -0.00158895
7079.46 730.879 9.64946 -0.00157383
7244.36 747.992 9.62265 -0.00156421
7413.1 765.553 9.59541 -0.00154126
7585.78 783.574 9.56773 -0.00152206
7762.47 802.069 9.53963 -0.00151103
7943.28 821.051 9.51111 -0.00149507
8128.31 840.534 9.48218 -0.00147307
8317.64 860.532 9.45284 -0.00145858
8511.38 881.06 9.4231 -0.00143773
8709.64 902.133 9.39295 -0.0014245
8912.51 923.767 9.36242 -0.00140763
9120.11 945.977 9.33149 -0.00138135
9332.54 968.782 9.30019 -0.001363
9549.93 992.196 9.26851 -0.00134521
9772.37 1016.24 9.23645 -0.00132251
10000 1040.93 9.20404 -0.00130139
