x | debye(x)
1.0E-7 0.9999999625569046
1.0232929922807536E-7 0.9999999616765247
1.0471285480508985E-7 0.999999960782772
1.0715193052376048E-7 0.9999999598684873
1.0964781961431829E-7 0.9999999589316013
1.1220184543019606E-7 0.9999999579739371
1.1481536214968794E-7 0.9999999569945179
1.1748975549395254E-7 0.9999999559911716
1.2022644346174082E-7 0.9999999549649887
1.2302687708123762E-7 0.9999999539153162
1.2589254117941611E-7 0.9999999528407453
1.2882495516931271E-7 0.9999999517408797
1.3182567385563992E-7 0.999999950615492
1.348962882591645E-7 0.999999949464215
1.3803842646028754E-7 0.9999999482854889
1.4125375446227438E-7 0.9999999470798318
1.4454397707459162E-7 0.9999999458464633
1.4791083881681952E-7 0.9999999445830368
1.5135612484361948E-7 0.9999999432915996
1.548816618912467E-7 0.9999999419699048
1.584893192461098E-7 0.9999999406162959
1.6218100973589131E-7 0.9999999392321857
1.6595869074375427E-7 0.9999999378160388
1.6982436524617252E-7 0.99999993636592
1.737800828749355E-7 0.9999999348825666
1.778279410038901E-7 0.9999999333641214
1.8197008586099602E-7 0.9999999318112578
1.8620871366628428E-7 0.9999999302218054
1.905460717963221E-7 0.9999999285952385
1.9498445997580175E-7 0.999999926930938
1.99526231496885E-7 0.9999999252273427
2.0417379446694984E-7 0.99999992348511
2.0892961308540067E-7 0.9999999217008834
2.1379620895021975E-7 0.9999999198764121
2.1877616239495162E-7 0.9999999180090763
2.2387211385683012E-7 0.9999999160975295
2.2908676527677327E-7 0.999999914142386
2.3442288153198796E-7 0.9999999121412269
2.398832919019446E-7 0.9999999100933122
2.4547089156849833E-7 0.9999999079987132
2.511886431509531E-7 0.999999905854683
2.5703957827688124E-7 0.9999999036599447
2.6302679918953276E-7 0.9999999014150076
2.6915348039268587E-7 0.999999899117479
2.754228703338107E-7 0.9999998967663966
2.8183829312643914E-7 0.9999998943609739
2.884031503126541E-7 0.9999998918991596
2.951209226666318E-7 0.9999998893794005
3.019951720401945E-7 0.9999998868015452
3.090295432513516E-7 0.9999998841641814
3.162277660168302E-7 0.9999998814648958
3.2359365692962017E-7 0.9999998787021696
3.3113112148258264E-7 0.9999998758755246
3.3884415613919374E-7 0.9999998729829047
3.4673685045252243E-7 0.9999998700235142
3.548133892335659E-7 0.9999998669950435
3.6307805477009136E-7 0.9999998638959726
3.7153522909716215E-7 0.9999998607242979
3.8018939632055035E-7 0.9999998574789858
3.8904514499426937E-7 0.9999998541580671
3.9810717055348554E-7 0.9999998507595694
4.0738027780410054E-7 0.9999998472824018
4.168693834703227E-7 0.9999998437239808
4.2657951880157946E-7 0.999999840082794
4.365158322401523E-7 0.9999998363567264
4.466835921509489E-7 0.99999983254381
4.5708818961486023E-7 0.9999998286417331
4.677351412871828E-7 0.9999998246493494
4.786300923226224E-7 0.999999820563672
4.897788193684296E-7 0.999999816382635
5.01187233627255E-7 0.9999998121048471
5.12861383991347E-7 0.9999998077268768
5.24807460249754E-7 0.999999803247387
5.370317963702335E-7 0.9999997986633048
5.495408738576046E-7 0.9999997939719047
5.623413251903284E-7 0.9999997891722467
5.754399373371355E-7 0.9999997842600531
5.888436553555667E-7 0.9999997792339194
6.025595860743347E-7 0.999999774090052
6.165950018614583E-7 0.9999997688268262
6.309573444801685E-7 0.9999997634405106
6.456542290346298E-7 0.9999997579298427
6.606934480075694E-7 0.9999997522903972
6.760829753919543E-7 0.9999997465190603
6.918309709189079E-7 0.9999997406131159
7.079457843841084E-7 0.9999997345702734
7.244359600749595E-7 0.9999997283867181
7.413102413008859E-7 0.9999997220589567
7.58577575029151E-7 0.9999997155837036
7.762471166286578E-7 0.9999997089573669
7.943282347242464E-7 0.9999997021768486
8.128305161640629E-7 0.9999996952386069
8.317637711026335E-7 0.9999996881386974
8.511380382023377E-7 0.9999996808732756
8.709635899560404E-7 0.9999996734386647
8.91250938133704E-7 0.9999996658310293
9.120108393558668E-7 0.99999965804578
9.332543007969466E-7 0.9999996500797146
9.5499258602139E-7 0.9999996419278661
9.772372209557632E-7 0.9999996335857764
9.999999999999508E-7 0.9999996250496301
1.0232929922807033E-6 0.9999996163153265
1.047128548050847E-6 0.9999996073771668
1.0715193052375522E-6 0.9999995982304183
1.096478196143129E-6 0.9999995888712205
1.1220184543019057E-6 0.9999995792927034
1.148153621496823E-6 0.9999995694923662
1.1748975549394677E-6 0.9999995594634058
1.2022644346173492E-6 0.9999995492008574
1.2302687708123157E-6 0.9999995386991166
1.2589254117940992E-6 0.9999995279530075
1.2882495516930638E-6 0.9999995169565983
1.3182567385563348E-6 0.9999995057039361
1.3489628825915788E-6 0.9999994941891157
1.3803842646028076E-6 0.9999994824055922
1.4125375446226745E-6 0.9999994703483304
1.4454397707458454E-6 0.9999994580100967
1.4791083881681224E-6 0.9999994453846313
1.5135612484361206E-6 0.9999994324644819
1.5488166189123909E-6 0.9999994192439485
1.5848931924610203E-6 0.9999994057152476
1.6218100973588336E-6 0.9999993918713574
1.6595869074374612E-6 0.9999993777051486
1.698243652461642E-6 0.9999993632086656
1.7378008287492696E-6 0.9999993483749872
1.7782794100388136E-6 0.999999333195408
1.819700858609871E-6 0.9999993176623867
1.8620871366627515E-6 0.9999993017669713
1.9054607179631274E-6 0.9999992855023825
1.9498445997579217E-6 0.9999992688585355
1.995262314968752E-6 0.9999992518268813
2.041737944669398E-6 0.9999992343983498
2.0892961308539043E-6 0.9999992165642011
2.1379620895020925E-6 0.9999991983145313
2.1877616239494086E-6 0.999999179639498
2.238721138568191E-6 0.9999991605298856
2.29086765276762E-6 0.9999991409747531
2.3442288153197646E-6 0.9999991209645148
2.398832919019328E-6 0.9999991004873248
2.454708915684863E-6 0.9999990795345395
2.5118864315094074E-6 0.9999990580930239
2.570395782768686E-6 0.9999990361519802
2.6302679918951987E-6 0.9999990136992559
2.6915348039267266E-6 0.9999989907249366
2.7542287033379715E-6 0.9999989672146232
2.818382931264253E-6 0.9999989431564955
2.884031503126399E-6 0.9999989185385321
2.951209226666173E-6 0.9999988933472687
3.019951720401797E-6 0.9999988675685599
3.0902954325133645E-6 0.9999988411896402
3.1622776601681463E-6 0.9999988141963704
3.235936569296043E-6 0.9999987865741079
3.3113112148256638E-6 0.9999987583088146
3.388441561391771E-6 0.9999987293850015
3.4673685045250543E-6 0.9999986997873633
3.548133892335485E-6 0.9999986695002617
3.6307805477007354E-6 0.9999986385078514
3.715352290971439E-6 0.9999986067936861
3.801893963205317E-6 0.9999985743405668
3.890451449942503E-6 0.9999985411315425
3.98107170553466E-6 0.9999985071486739
4.073802778040805E-6 0.9999984723748678
4.168693834703023E-6 0.9999984367905967
4.265795188015585E-6 0.9999984003778246
4.3651583224013085E-6 0.9999983631167031
4.46683592150927E-6 0.9999983249873856
4.570881896148378E-6 0.9999982859704104
4.677351412871598E-6 0.9999982460443212
4.786300923225989E-6 0.9999982051883628
4.897788193684056E-6 0.9999981633805705
5.011872336272305E-6 0.9999981205991751
5.128613839913218E-6 0.9999980768211757
5.248074602497283E-6 0.9999980320233496
5.370317963702071E-6 0.9999979861821866
5.495408738575776E-6 0.9999979392732753
5.6234132519030076E-6 0.9999978912716528
5.754399373371072E-6 0.9999978421519191
5.8884365535553785E-6 0.9999977918880691
6.025595860743051E-6 0.9999977404533987
6.16595001861428E-6 0.9999976878206436
6.309573444801375E-6 0.9999976339619657
6.4565422903459814E-6 0.9999975788487151
6.60693448007537E-6 0.9999975224517749
6.760829753919211E-6 0.9999974647411292
6.91830970918874E-6 0.9999974056863177
7.079457843840736E-6 0.9999973452558669
7.244359600749239E-6 0.9999972834177886
7.4131024130084944E-6 0.9999972201393401
7.585775750291138E-6 0.9999971553870565
7.762471166286198E-6 0.9999970891263213
7.943282347242075E-6 0.9999970213223393
8.128305161640231E-6 0.9999969519388663
8.317637711025927E-6 0.9999968809393561
8.511380382022959E-6 0.9999968082859991
8.709635899559977E-6 0.9999967339403002
8.912509381336602E-6 0.9999966578629531
9.12010839355822E-6 0.9999965800134653
9.332543007969008E-6 0.9999965003506982
9.549925860213432E-6 0.9999964188323732
9.772372209557152E-6 0.9999963354152105
9.999999999999018E-6 0.9999962500549636
1.0232929922806532E-5 0.9999961627065111
1.0471285480507957E-5 0.9999960733234912
1.0715193052374996E-5 0.9999959818583581
1.0964781961430752E-5 0.9999958882627512
1.1220184543018505E-5 0.9999957924870775
1.1481536214967667E-5 0.9999956944805165
1.1748975549394101E-5 0.9999955941910708
1.2022644346172902E-5 0.9999954915655945
1.2302687708122554E-5 0.9999953865497034
1.2589254117940375E-5 0.9999952790876333
1.2882495516930005E-5 0.9999951691225103
1.3182567385562699E-5 0.9999950565958555
1.3489628825915125E-5 0.9999949414483104
1.3803842646027399E-5 0.9999948236185638
1.4125375446226052E-5 0.9999947030441736
1.4454397707457742E-5 0.9999945796613346
1.47910838816805E-5 0.9999944534044778
1.5135612484360462E-5 0.999994324206824
1.5488166189123147E-5 0.9999941919996437
1.5848931924609423E-5 0.9999940567131068
1.621810097358754E-5 0.9999939182752963
1.65958690743738E-5 0.9999937766128909
1.6982436524615586E-5 0.9999936316506767
1.7378008287491843E-5 0.9999934833119876
1.7782794100387264E-5 0.9999933315180282
1.8197008586097815E-5 0.9999931761882949
1.86208713666266E-5 0.9999930172405783
1.905460717963034E-5 0.9999928545904888
1.949844599757826E-5 0.999992688151782
1.9952623149686543E-5 0.9999925178362116
2.0417379446692977E-5 0.9999923435535504
2.0892961308538017E-5 0.9999921652113216
2.1379620895019877E-5 0.9999919827150143
2.1877616239493015E-5 0.9999917959678454
2.2387211385680814E-5 0.9999916048707979
2.2908676527675076E-5 0.9999914093225469
2.3442288153196494E-5 0.9999912092194555
2.3988329190192102E-5 0.9999910044553463
2.4547089156847426E-5 0.999990794921698
2.5118864315092844E-5 0.9999905805074221
2.5703957827685596E-5 0.9999903610988284
2.6302679918950697E-5 0.9999901365796143
2.6915348039265948E-5 0.9999899068306504
2.7542287033378367E-5 0.9999896717302813
2.818382931264115E-5 0.999989431153708
2.8840315031262577E-5 0.9999891849734733
2.951209226666028E-5 0.9999889330589382
3.0199517204016485E-5 0.9999886752766435
3.0902954325132126E-5 0.9999884114898733
3.162277660167991E-5 0.9999881415587812
3.235936569295884E-5 0.9999878653402122
3.311311214825502E-5 0.9999875826877718
3.388441561391605E-5 0.9999872934515404
3.467368504524884E-5 0.9999869974782324
3.548133892335311E-5 0.9999866946108679
3.630780547700557E-5 0.9999863846888665
3.715352290971257E-5 0.9999860675479221
3.8018939632051306E-5 0.9999857430199248
3.890451449942311E-5 0.999985410932741
3.9810717055344646E-5 0.9999850711103291
4.0738027780406056E-5 0.9999847233725452
4.168693834702818E-5 0.9999843675350152
4.265795188015376E-5 0.9999840034090334
4.365158322401094E-5 0.9999836308015545
4.46683592150905E-5 0.9999832495150438
4.570881896148153E-5 0.9999828593473344
4.677351412871369E-5 0.9999824600915813
4.7863009232257536E-5 0.9999820515360819
4.897788193683815E-5 0.9999816334641973
5.011872336272059E-5 0.9999812056543206
5.1286138399129664E-5 0.999980767879623
5.248074602497025E-5 0.999980319907953
5.370317963701808E-5 0.9999798615018294
5.495408738575506E-5 0.9999793924182268
5.623413251902732E-5 0.9999789124084159
5.75439937337079E-5 0.9999784212179108
5.888436553555089E-5 0.9999779185862937
6.025595860742755E-5 0.9999774042470597
6.165950018613977E-5 0.9999768779275241
6.309573444801066E-5 0.9999763393486284
6.456542290345664E-5 0.9999757882248449
6.606934480075046E-5 0.9999752242639574
6.760829753918878E-5 0.9999746471669699
6.9183097091884E-5 0.9999740566279003
7.079457843840389E-5 0.9999734523336623
7.244359600748883E-5 0.9999728339638986
7.413102413008131E-5 0.9999722011907224
7.585775750290765E-5 0.9999715536786411
7.762471166285816E-5 0.9999708910843959
7.943282347241685E-5 0.9999702130566812
8.128305161639832E-5 0.9999695192359942
8.317637711025518E-5 0.9999688092545025
8.511380382022541E-5 0.9999680827357795
8.709635899559549E-5 0.999967339294652
8.912509381336165E-5 0.9999665785369745
9.120108393557772E-5 0.999965800059401
9.33254300796855E-5 0.9999650034491944
9.549925860212962E-5 0.9999641882840137
9.772372209556673E-5 0.9999633541316957
9.999999999998527E-5 0.9999625005499938
1.0232929922806029E-4 0.9999616270863427
1.0471285480507443E-4 0.9999607332776842
1.071519305237447E-4 0.9999598186501293
1.0964781961430214E-4 0.9999588827187628
1.1220184543017955E-4 0.9999579249874238
1.1481536214967103E-4 0.9999569449483267
1.1748975549393525E-4 0.9999559420818656
1.2022644346172311E-4 0.9999549158564209
1.2302687708121949E-4 0.999953865727875
1.2589254117939755E-4 0.9999527911394963
1.2882495516929374E-4 0.9999516915216038
1.3182567385562052E-4 0.9999505662911963
1.3489628825914463E-4 0.9999494148517513
1.3803842646026721E-4 0.9999482365928035
1.412537544622536E-4 0.9999470308896921
1.4454397707457033E-4 0.9999457971032397
1.4791083881679772E-4 0.9999445345793178
1.513561248435972E-4 0.9999432426486177
1.548816618912239E-4 0.9999419206262088
1.5848931924608646E-4 0.999940567811215
1.6218100973586745E-4 0.9999391834864705
1.6595869074372983E-4 0.9999377669180828
1.6982436524614751E-4 0.9999363173550462
1.737800828749099E-4 0.999934834028887
1.7782794100386392E-4 0.9999333161532568
1.819700858609692E-4 0.9999317629234515
1.8620871366625686E-4 0.9999301735160442
1.9054607179629405E-4 0.9999285470884605
1.9498445997577306E-4 0.9999268827784448
1.9952623149685565E-4 0.9999251797037214
2.0417379446691975E-4 0.9999234369614098
2.089296130853699E-4 0.9999216536276615
2.1379620895018827E-4 0.9999198287570723
2.187761623949194E-4 0.99991796138225
2.2387211385679716E-4 0.9999160505132255
2.2908676527673953E-4 0.999914095137054
2.3442288153195344E-4 0.9999120942171189
2.3988329190190925E-4 0.9999100466927253
2.454708915684622E-4 0.9999079514784527
2.511886431509161E-4 0.9999058074635884
2.570395782768434E-4 0.9999036135115954
2.63026799189494E-4 0.9999013684594411
2.6915348039264624E-4 0.9998990711170194
2.7542287033377016E-4 0.9998967202665096
2.818382931263977E-4 0.999894314661701
2.884031503126116E-4 0.9998918530274441
2.951209226665883E-4 0.9998893340588036
3.0199517204015003E-4 0.999886756420523
3.0902954325130613E-4 0.9998841187462231
3.162277660167836E-4 0.9998814196377338
3.2359365692957254E-4 0.9998786576642907
3.311311214825339E-4 0.9998758313618235
3.3884415613914386E-4 0.9998729392322034
3.467368504524714E-4 0.9998699797423892
3.5481338923351363E-4 0.999866951323655
3.6307805477003787E-4 0.9998638523707275
3.7153522909710743E-4 0.9998606812409985
3.801893963204944E-4 0.9998574362535588
3.8904514499421203E-4 0.9998541156884131
3.9810717055342693E-4 0.9998507177854994
4.0738027780404056E-4 0.9998472407437495
4.1686938347026135E-4 0.9998436827201788
4.265795188015167E-4 0.9998400418289484
4.36515832240088E-4 0.9998363161401965
4.466835921508831E-4 0.9998325036792426
4.570881896147929E-4 0.9998286024253574
4.6773514128711395E-4 0.9998246103108015
4.786300923225519E-4 0.9998205252197009
4.897788193683575E-4 0.9998163449868999
5.011872336271812E-4 0.9998120673968073
5.128613839912715E-4 0.9998076901823227
5.248074602496768E-4 0.999803211023527
5.370317963701544E-4 0.9997986275464928
5.495408738575237E-4 0.9997939373220307
5.623413251902456E-4 0.9997891378644166
5.754399373370507E-4 0.9997842266300312
5.8884365535548E-4 0.9997792010160608
6.025595860742459E-4 0.9997740583591014
6.165950018613675E-4 0.9997687959337456
6.309573444800756E-4 0.9997634109511654
6.456542290345348E-4 0.999757900557549
6.606934480074721E-4 0.9997522618327654
6.760829753918547E-4 0.9997464917886061
6.918309709188061E-4 0.9997405873673839
7.079457843840041E-4 0.9997345454401906
7.244359600748528E-4 0.9997283628053093
7.413102413007767E-4 0.9997220361865242
7.585775750290393E-4 0.9997155622313234
7.762471166285435E-4 0.9997089375092115
7.943282347241294E-4 0.9997021585098144
8.128305161639432E-4 0.9996952216410888
8.31763771102511E-4 0.9996881232273539
8.511380382022123E-4 0.999680859507442
8.709635899559122E-4 0.9996734266326129
8.912509381335727E-4 0.9996658206645819
9.120108393557325E-4 0.9996580375734011
9.332543007968092E-4 0.9996500732353465
9.549925860212494E-4 0.999641923430752
9.772372209556192E-4 0.9996335838417304
9.999999999998036E-4 0.9996250500499604
0.0010232929922805527 0.9996163175342865
0.001047128548050693 0.9996073816683542
0.0010715193052373945 0.9995982377181764
0.0010964781961429677 0.9995888808396212
0.0011220184543017403 0.9995793060758693
0.001148153621496654 0.9995695083547433
0.0011748975549392949 0.9995594824860625
0.001202264434617172 0.999549223158959
0.0012302687708121347 0.9995387249389559
0.0012589254117939138 0.9995279822651922
0.001288249551692874 0.9995169894474085
0.0013182567385561406 0.9995057406630301
0.0013489628825913802 0.9994942299540125
0.0013803842646026043 0.9994824512237567
0.0014125375446224667 0.999470398233833
0.0014454397707456324 0.9994580646007233
0.0014791083881679047 0.9994454437924619
0.0015135612484358976 0.9994325291251634
0.0015488166189121628 0.9994193137594898
0.0015848931924607869 0.9994057906970942
0.0016218100973585947 0.9993919527768265
0.001659586907437217 0.9993777926710804
0.0016982436524613917 0.9993633028818281
0.0017378008287490137 0.9993484757367339
0.001778279410038552 0.9993333033850467
0.001819700858609603 0.9993177777935075
0.0018620871366624772 0.999301890742093
0.0019054607179628468 0.9992856338197077
0.0019498445997576347 0.9992689984197057
0.0019952623149684587 0.9992519757353808
0.0020417379446690974 0.9992345567553527
0.0020892961308535967 0.9992167322587522
0.0021379620895017777 0.9991984928104356
0.0021877616239490867 0.999179828755962
0.0022387211385678616 0.9991607302165584
0.0022908676527672828 0.9991411870838303
0.0023442288153194195 0.999121189014589
0.0023988329190189747 0.9991007254252268
0.002454708915684501 0.9990797854862963
0.0025118864315090378 0.9990583581167352
0.0025703957827683073 0.9990364319780597
0.0026302679918948114 0.9990139954683933
0.0026915348039263307 0.9989910367163709
0.002754228703337566 0.9989675435748931
0.002818382931263838 0.9989435036147422
0.0028840315031259745 0.9989189041180724
0.002951209226665738 0.9988937320716365
0.003019951720401352 0.9988679741601121
0.0030902954325129094 0.9988416167589271
0.0031622776601676807 0.9988146459272522
0.0032359365692955664 0.998787047400597
0.0033113112148251763 0.9987588065833423
0.003388441561391272 0.9987299085410797
0.003467368504524544 0.9987003379928154
0.003548133892334962 0.9986700793028539
0.003630780547700201 0.998639116472735
0.003715352290970892 0.9986074331327779
0.0038018939632047575 0.9985750125334099
0.0038904514499419297 0.9985418375366074
0.003981071705534074 0.99850789060672
0.004073802778040206 0.9984731538013704
0.004168693834702409 0.998437608762069
0.004265795188014957 0.9984012367045725
0.004365158322400665 0.9983640184090777
0.004466835921508611 0.9983259342101911
0.004570881896147705 0.9982869639865817
0.00467735141287091 0.9982470871505227
0.004786300923225284 0.9982062826371174
0.004897788193683334 0.9981645288933119
0.005011872336271567 0.9981218038665505
0.005128613839912463 0.9980780849934207
0.00524807460249651 0.9980333491877714
0.0053703179637012806 0.9979875728286725
0.005495408738574967 0.9979407317481466
0.0056234132519021795 0.9978928012185614
0.005754399373370225 0.997843755939729
0.005888436553554512 0.9977935700257238
0.006025595860742163 0.9977422169914877
0.006165950018613372 0.9976896697389062
0.006309573444800446 0.9976359005428667
0.006456542290345031 0.9975808810367647
0.006606934480074397 0.9975245821977438
0.006760829753918215 0.9974669743317484
0.006918309709187722 0.9974080270578952
0.007079457843839693 0.9973477092929649
0.007244359600748172 0.9972859892351028
0.007413102413007403 0.9972228343474098
0.0075857757502900205 0.9971582113410714
0.007762471166285054 0.9970920861581278
0.007943282347240904 0.9970244239538392
0.008128305161639034 0.9969551890787175
0.008317637711024702 0.9968843450600605
0.008511380382021705 0.9968118545831007
0.008709635899558695 0.996737679471794
0.00891250938133529 0.9966617806690836
0.009120108393556876 0.9965841182168202
0.009332543007967634 0.9965046512350985
0.009549925860212026 0.996423337901307
0.009772372209555714 0.9963401354285563
0.009999999999997546 0.9962550000436703
0.01023292992280503 0.9961678869647752
0.010471285480506427 0.9960787503782472
0.010715193052373435 0.9959875434152168
0.01096478196142916 0.9958942181276297
0.011220184543016883 0.9957987254635711
0.01148153621496601 0.9957010152423089
0.011748975549392414 0.9956010361285157
0.012022644346171181 0.9954987356061501
0.012302687708120798 0.995394059951602
0.012589254117938585 0.9952869542063185
0.012882495516928182 0.9951773621488132
0.01318256738556084 0.9950652262660977
0.01348962882591323 0.9949504877243608
0.013803842646025464 0.9948330863391991
0.014125375446224081 0.9947129605450118
0.014454397707455732 0.9945900473638399
0.014791083881678449 0.9944642823734454
0.015135612484358373 0.994335599674833
0.015488166189121019 0.9942039318588495
0.015848931924607252 0.9940692099722793
0.016218100973585326 0.9939313634830733
0.01659586907437154 0.9937903202448505
0.016982436524613283 0.9936460064606356
0.017378008287489498 0.9934983466458528
0.01778279410038487 0.9933472635904612
0.018197008586095378 0.9931926783203271
0.018620871366624114 0.9930345100577872
0.019054607179627807 0.9928726761812068
0.019498445997575678 0.9927070921839555
0.019952623149683914 0.9925376716323042
0.020417379446690295 0.9923643261224592
0.020892961308535282 0.9921869652367065
0.02137962089501709 0.992005496498686
0.021877616239490173 0.991819825327633
0.022387211385677917 0.9916298549917004
0.022908676527672124 0.9914354865603394
0.023442288153193484 0.9912366188556138
0.023988329190189037 0.9910331484025451
0.0245470891568443 0.9908249693784542
0.025118864315089657 0.9906119735611641
0.025703957827682353 0.9903940502762341
0.026302679918947386 0.9901710863430613
0.026915348039262574 0.9899429660198955
0.02754228703337493 0.989709570947687
0.02818382931263765 0.9894707800928771
0.028840315031259008 0.9892264696889607
0.02951209226665664 0.9889765131768715
0.03019951720401278 0.9887207811442514
0.03090295432512835 0.9884591412633729
0.03162277660167607 0.9881914582279646
0.03235936569295492 0.9879175936886833
0.033113112148251016 0.9876374061873522
0.03388441561391198 0.9873507510899474
0.03467368504524469 0.987057480518107
0.03548133892334888 0.9867574432796509
0.03630780547700126 0.9864504847973293
0.03715352290970818 0.9861364470365266
0.03801893963204683 0.9858151684315086
0.03890451449941856 0.9854864838101135
0.039810717055340006 0.985150224317257
0.04073802778040132 0.9848062173368243
0.04168693834702336 0.9844542864122195
0.042657951880148856 0.984094251165338
0.04365158322400594 0.9837259272141767
0.04466835921508541 0.9833491260888352
0.04570881896147635 0.9829636551460827
0.04677351412870841 0.9825693174823225
0.04786300923225215 0.9821659118450471
0.04897788193683267 0.9817532325427382
0.050118723362715 0.9813310693531818
0.05128613839912397 0.9808992074301788
0.052480746024964456 0.9804574272087437
0.053703179637012176 0.9800055043085744
0.05495408738574905 0.9795432094359965
0.05623413251902119 0.9790703082842598
0.05754399373370166 0.9785865614322071
0.05888436553554454 0.9780917242413445
0.060255958607421084 0.9775855467511375
0.061659500186133184 0.9770677735728736
0.06309573444800394 0.9765381437817524
0.06456542290344981 0.9759963908072994
0.0660693448007435 0.9754422423222853
0.0676082975391817 0.9748754201298747
0.06918309709187678 0.9742956400492425
0.07079457843839654 0.9737026117994821
0.07244359600748135 0.9730960388820256
0.07413102413007369 0.9724756184613419
0.0758577575028999 0.971841041244194
0.07762471166285026 0.9711919913572246
0.0794328234724088 0.9705281462230643
0.08128305161639013 0.9698491764349595
0.08317637711024685 0.9691547456298115
0.08511380382021692 0.9684445103599774
0.08709635899558685 0.9677181199634054
0.08912509381335285 0.9669752164326205
0.09120108393556878 0.9662154342822846
0.09332543007967639 0.965438400415525
0.09549925860212036 0.9646437339889903
0.09772372209555728 0.9638310462768318
0.09999999999997566 0.9629999405335521
0.10232929922805051 0.962150011855845
0.10471285480506448 0.9612808470435016
0.10715193052373458 0.9603920244594399
0.10964781961429182 0.9594831138890068
0.11220184543016905 0.9585536763985902
0.11481536214966034 0.9576032641936768
0.11748975549392437 0.9566314204764905
0.12022644346171205 0.9556376793032633
0.12302687708120824 0.9546215654413179
0.1258925411793861 0.9535825942261847
0.12882495516928208 0.9525202714187317
0.13182567385560867 0.9514340930625153
0.13489628825913258 0.9503235453417661
0.13803842646025494 0.9491881044397064
0.1412537544622411 0.9480272363979876
0.14454397707455763 0.9468403969768552
0.1479108388167848 0.9456270315168209
0.15135612484358404 0.9443865748016204
0.1548816618912105 0.9431184509230038
0.15848931924607285 0.9418220731475103
0.1621810097358536 0.9404968437854695
0.16595869074371575 0.9391421540626811
0.1698243652461332 0.9377573839949231
0.17378008287489533 0.9363419022656625
0.17782794100384908 0.9348950661074871
0.18197008586095414 0.9334162211873588
0.18620871366624153 0.9319047014963167
0.19054607179627847 0.9303598292439642
0.1949844599757572 0.9287809147581662
0.1995262314968395 0.9271672563904384
0.20417379446690337 0.9255181404275524
0.20892961308535324 0.9238328410099431
0.21379620895017132 0.9221106200571652
0.21877616239490216 0.9203507272014776
0.22387211385677963 0.9185523997296531
0.22908676527672173 0.9167148625340701
0.23442288153193533 0.9148373280734621
0.23988329190189087 0.9129189963442874
0.24547089156844348 0.9109590548631904
0.25118864315089706 0.9089566786616485
0.25703957827682405 0.9069110302933763
0.2630267991894744 0.9048212598554768
0.2691534803926263 0.9026865050243121
0.27542287033374985 0.9005058911068026
0.28183829312637704 0.8982785311084255
0.2884031503125907 0.8960035258189245
0.29512092266656703 0.8936799639165884
0.30199517204012843 0.8913069220925126
0.3090295432512842 0.8888834651959827
0.3162277660167613 0.8864086464021578
0.32359365692954983 0.8838815074034406
0.3311311214825109 0.8813010786258836
0.33884415613912044 0.8786663794720522
0.3467368504524476 0.8759764185919341
0.3548133892334895 0.8732301941832507
0.3630780547700134 0.8704266943231174
0.3715352290970826 0.8675648973323674
0.3801893963204691 0.8646437721746004
0.3890451449941864 0.8616622788916507
0.39810717055340084 0.8586193690775011
0.4073802778040141 0.8555139863923769
0.4168693834702345 0.8523450671193933
0.42657951880148937 0.8491115407656431
0.4365158322400603 0.8458123307100346
0.446683592150855 0.8424463549001784
0.4570881896147644 0.8390125266006546
0.467735141287085 0.8355097551950246
0.4786300923225225 0.8319369470443055
0.4897788193683277 0.828293006404343
0.501187233627151 0.8245768364046716
0.5128613839912408 0.8207873400919412
0.5248074602496456 0.8169234215403302
0.5370317963701229 0.8129839870320965
0.5495408738574916 0.808967946311137
0.5623413251902131 0.8048742139125284
0.5754399373370178 0.8007017105712299
0.5888436553554466 0.7964493647129568
0.6025595860742121 0.792116114030506
0.6165950018613331 0.7877009071486174
0.6309573444800407 0.7832027053807292
0.6456542290344994 0.7786204845808455
0.6606934480074363 0.7739532370937409
0.6760829753918184 0.7691999738067942
0.6918309709187693 0.7643597263067372
0.7079457843839668 0.7594315491443915
0.724435960074815 0.754414522210694
0.7413102413007384 0.749307753227047
0.7585775750290005 0.7441103803527874
0.7762471166285042 0.7388215749130203
0.7943282347240895 0.7334405442489716
0.8128305161639029 0.7279665346940095
0.83176377110247 0.7223988346770983
0.8511380382021708 0.7167367779560622
0.8709635899558702 0.710979746982323
0.8912509381335302 0.7051271763985183
0.9120108393556894 0.6991785566701537
0.9332543007967655 0.6931334378518204
0.9549925860212052 0.6869914334881508
0.9772372209555745 0.6807522246490748
0.9999999999997584 0.6744155640985152
1.023292992280507 0.6679812805945482
1.0471285480506465 0.6614492833189033
1.0715193052373475 0.6548195664324081
1.09647819614292 0.6480922137520894
1.1220184543016924 0.6412674035450877
1.1481536214966053 0.6343454134328849
1.1748975549392457 0.6273266253986403
1.2022644346171223 0.6202115308887414
1.2302687708120843 0.6130007359988905
1.258925411793863 0.6056949667327759
1.2882495516928225 0.5982950743206
1.3182567385560886 0.5908020405825255
1.3489628825913276 0.5832169833204082
1.3803842646025513 0.5755411617194297
1.4125375446224129 0.5677759817390745
1.4454397707455784 0.5599230014708402
1.47910838816785 0.5519839364377835
1.5135612484358425 0.543960664808805
1.5488166189121073 0.5358552324980479
1.5848931924607306 0.5276698581174666
1.6218100973585383 0.5194069377478148
1.6595869074371599 0.5110690494910924
1.6982436524613342 0.5026589577645673
1.737800828748956 0.494179617294052
1.7782794100384933 0.48563417676149395
1.819700858609544 0.4770259820593601
1.8620871366624179 0.46835857910199574
1.9054607179627872 0.45963571614165855
1.9498445997575746 0.4508613455349777
1.9952623149683981 0.44203962490364374
2.0417379446690367 0.4331749176313085
2.089296130853535 0.4242717926377517
2.137962089501716 0.4153350233702479
2.187761623949025 0.4063695859515501
2.2387211385677994 0.3973806564243641
2.2908676527672203 0.38837360703246954
2.3442288153193567 0.3793540014804805
2.3988329190189117 0.37032758911589914
2.4547089156844386 0.361300297980568
2.5118864315089744 0.35227822668212894
2.570395782768244 0.3432676350411155
2.6302679918947476 0.33427493347513265
2.6915348039262668 0.32530667108848726
2.7542287033375024 0.31636952244376504
2.8183829312637743 0.30747027300096236
2.884031503125911 0.29861580322032144
2.951209226665674 0.2898130713364448
3.0199517204012887 0.28106909482397135
3.0902954325128458 0.2723909305889819
3.1622776601676175 0.2637856539348867
3.235936569295503 0.2552603363674224
3.3113112148251127 0.24682202231970948
3.388441561391209 0.23847770489540898
3.467368504524481 0.23023430074536813
3.5481338923348997 0.22209862421087537
3.6307805477001387 0.2140773608838802
3.7153522909708303 0.2061770407517404
3.801893963204696 0.19840401111030936
3.8904514499418688 0.1907644094443083
3.9810717055340135 0.18326413648778958
4.073802778040146 0.17590882968930652
4.16869383470235 0.16870383731621222
4.265795188014899 0.1616541934396036
4.3651583224006085 0.15476459404567844
4.466835921508555 0.14803937452027674
4.57088189614765 0.14148248875086583
4.6773514128708555 0.13509749008396466
4.786300923225231 0.12888751436590545
4.897788193683283 0.12285526528064895
5.011872336271517 0.11700300218029192
5.128613839912415 0.11133253058187237
5.248074602496463 0.10584519547836128
5.370317963701235 0.10054187758245302
5.495408738574923 0.0954229925896503
5.623413251902138 0.0904884935121309
5.754399373370186 0.08573787609806598
5.888436553554474 0.08117018731272344
6.025595860742128 0.076784036818635
6.165950018613339 0.07257761135316869
6.3095734448004155 0.06854869186362235
6.456542290345003 0.06469467322340985
6.606934480074372 0.06101258631873858
6.760829753918193 0.0574991222640314
6.918309709187702 0.05415065847719084
7.079457843839678 0.050963286322830925
7.24435960074816 0.04793284001373019
7.413102413007394 0.045054926448130334
7.585775750290015 0.04232495565343301
7.762471166285052 0.039738171505546
7.943282347240907 0.037289682397516705
8.12830516163904 0.0349744915409934
8.317637711024712 0.032787526599288776
8.51138038202172 0.03072366837082155
8.709635899558714 0.0287777782661051
8.912509381335315 0.02694472434942609
9.120108393556908 0.025219405747384564
9.33254300796767 0.023596775259604914
9.549925860212067 0.022071860041478424
9.77237220955576 0.020639780263960163
9.9999999999976 0.01929576569027977
10.232929922805083 0.01803517014340636
10.471285480506479 0.016853483870289575
10.71519305237349 0.015746343838885114
10.964781961429216 0.014709542031056354
11.22018454301694 0.013739031818370622
11.48153621496607 0.012830932528119189
11.748975549392473 0.011981532323543438
12.022644346171242 0.011187289535026743
12.30268770812086 0.01044483258809044
12.58925411793865 0.009750958679412091
12.882495516928246 0.009102631354088883
13.182567385560906 0.008496977136236681
13.489628825913298 0.007931281361123073
13.803842646025535 0.007402983350769999
14.125375446224153 0.006909671066751639
14.454397707455806 0.006449075364173625
14.791083881678524 0.006019063959999242
15.13561248435845 0.005617635217349699
15.488166189121097 0.0052429118355567786
15.848931924607333 0.0048931345239017566
16.21810097358541 0.004566655725412023
16.595869074371628 0.004261933446067175
16.98243652461337 0.003977525234445444
17.37800828748959 0.0037120823473792202
17.782794100384965 0.0034643441286577818
18.19700858609547 0.00323313262026983
18.62087136662421 0.0030173474191237627
19.054607179627904 0.0028159607865939147
19.49844599757578 0.0026280130135799343
19.952623149684015 0.0024526080399464995
20.4173794466904 0.0022889093241790803
20.892961308535387 0.002136135956735395
21.379620895017197 0.001993559008823724
21.877616239490283 0.0018604981070952363
22.387211385678032 0.0017363182239231942
22.90867652767224 0.001620426672474147
23.442288153193605 0.0015122702955874209
23.98832919018916 0.0014113328375080138
24.547089156844425 0.0013171324877104121
25.118864315089787 0.0012292195863631322
25.703957827682483 0.0011471744813797901
26.302679918947522 0.0010706055274529254
26.915348039262714 9.99147217948105E-4
27.54228703337507 9.324584410317178E-4
28.18382931263779 8.702208519019759E-4
28.840315031259156 8.121373534805632E-4
29.512092266656794 7.579306783952142E-4
30.199517204012935 7.073420655371252E-4
30.902954325128512 6.601300249089632E-4
31.622776601676225 6.160691848877157E-4
32.35936569295509 5.749492164127538E-4
33.11311214825119 5.36573828970546E-4
33.88441561391215 5.007598335883471E-4
34.673685045244866 4.673362683657541E-4
35.48133892334906 4.3614358237213977E-4
36.30780547700145 4.070328740144365E-4
37.15352290970837 3.798651802400193E-4
38.01893963204703 3.5451081318213696E-4
38.90451449941876 3.308487410813141E-4
39.810717055340206 3.0876601052741393E-4
40.73802778040154 2.881572072646361E-4
41.68693834702358 2.689239529853743E-4
42.65795188014907 2.5097443571093093E-4
43.65158322400617 2.3422297151732394E-4
44.66835921508564 2.1858959551399507E-4
45.70881896147658 2.0399968012290915E-4
46.77351412870864 1.9038357883591743E-4
47.863009232252395 1.776762937497387E-4
48.977881936832915 1.658171652916175E-4
50.11872336271526 1.5474958265436852E-4
51.28613839912424 1.4442071355872806E-4
52.48074602496472 1.347812520528541E-4
53.70317963701245 1.2578518314512963E-4
54.95408738574933 1.1738956314672944E-4
56.23413251902148 1.0955431467536462E-4
57.54399373370195 1.0224203534165209E-4
58.88436553554484 9.541781920483553E-5
60.25595860742139 8.904909014558148E-5
61.6595001861335 8.310544636042263E-5
63.095734448004265 7.755851523551978E-5
64.56542290345014 7.23818179069763E-5
66.06934480074383 6.755064286118996E-5
67.60829753918205 6.304192797180883E-5
69.18309709187714 5.883415041022406E-5
70.7945784383969 5.490722390407929E-5
72.44359600748173 5.1242402853305654E-5
74.13102413007407 4.78221928460182E-5
75.85775750290028 4.463026714708991E-5
77.62471166285066 4.165138876074037E-5
79.43282347240921 3.887133769512899E-5
81.28305161639054 3.62768430817113E-5
83.17637711024727 3.385551982534463E-5
85.11380382021736 3.159580948272049E-5
87.09635899558731 2.9486925086911515E-5
89.12509381335332 2.7518799654638858E-5
91.20108393556924 2.568203813046257E-5
93.32543007967686 2.396787253848635E-5
95.49925860212085 2.236812012749661E-5
97.72372209555778 2.087514430972985E-5
99.99999999997618 1.9481818206813502E-5
102.32929922805098 1.818149062885375E-5
104.71285480506491 1.6967954324278092E-5
107.15193052373496 1.5835416348859533E-5
109.64781961429216 1.4778470412484034E-5
112.20184543016933 1.3792071071651798E-5
114.81536214966059 1.2871509644516844E-5
117.48975549392456 1.2012391733495449E-5
120.22644346171218 1.121061624814291E-5
123.0268770812083 1.0462355828163927E-5
125.89254117938611 9.764038573102515E-6
128.82495516928202 9.112330991495646E-6
131.82567385560853 8.504122088098898E-6
134.89628825913235 7.936508513221038E-6
138.03842646025464 7.406780703275544E-6
141.25375446224075 6.912409946392045E-6
144.54397707455718 6.451036311342336E-6
147.91083881678426 6.020457382157768E-6
151.35612484358342 5.618617744663787E-6
154.88166189120977 5.243599174741736E-6
158.48931924607203 4.893611481483329E-6
162.18100973585268 4.566983961523866E-6
165.95869074371473 4.2621574237630215E-6
169.82436524613206 3.977676746400647E-6
173.7800828748941 3.7121839307586478E-6
177.82794100384774 3.4644116187299398E-6
181.97008586095268 3.2331770429108024E-6
186.20871366623993 3.017376380534625E-6
190.5460717962767 2.8159794842571773E-6
194.9844599757553 2.6280249646391003E-6
199.52623149683748 2.45261560085133E-6
204.1737944669012 2.288914057696298E-6
208.9296130853509 2.13613888849977E-6
213.79620895016882 1.993560804792091E-6
218.77616239489947 1.8604991949725387E-6
223.87211385677676 1.73631887533746E-6
229.08676527671867 1.6204270579636778E-6
234.4228815319321 1.5122705209724174E-6
239.88329190188742 1.4113329676660252E-6
245.47089156843984 1.3171325619309103E-6
251.18864315089323 1.2292196281417775E-6
257.03957827681995 1.1471745045873795E-6
263.0267991894701 1.0706055401708293E-6
269.15348039262176 9.99147224821514E-7
275.4228703337451 9.324584446940553E-7
281.83829312637204 8.702208538251955E-7
288.40315031258535 8.121373544755926E-7
295.12092266656146 7.579306789022358E-7
301.99517204012255 7.073420657914955E-7
309.02954325127797 6.601300250345359E-7
316.2277660167548 6.160691849487037E-7
323.59365692954304 5.749492164418734E-7
331.1311214825038 5.365738289842345E-7
338.844156139113 5.007598335946429E-7
346.73685045243985 4.6733626836858106E-7
354.81338923348136 4.3614358237339363E-7
363.0780547700049 4.070328740149743E-7
371.5352290970736 3.7986518024023285E-7
380.18939632045976 3.545108131822156E-7
389.04514499417667 3.308487410813374E-7
398.1071705533907 3.087660105274255E-7
407.38027780400347 2.881572072646445E-7
416.8693834702234 2.689239529853753E-7
426.57951880147783 2.509744357109248E-7
436.51583224004827 2.3422297151731332E-7
446.68359215084246 2.185895955139804E-7
457.0881896147513 2.03999680122892E-7
467.7351412870714 1.9038357883589422E-7
478.63009232250835 1.7767629374971658E-7
489.7788193683129 1.6581716529158834E-7
501.18723362713564 1.5474958265433404E-7
512.8613839912248 1.4442071355869127E-7
524.807460249629 1.3478125205281357E-7
537.0317963701056 1.2578518314508617E-7
549.5408738574737 1.1738956314668202E-7
562.3413251901944 1.095543146753152E-7
575.4399373369984 1.0224203534159885E-7
588.8436553554264 9.541781920477868E-8
602.5595860741911 8.9049090145523E-8
616.5950018613114 8.310544636036217E-8
630.9573444800182 7.755851523545447E-8
645.654229034476 7.238181790690935E-8
660.693448007412 6.75506428611212E-8
676.0829753917932 6.304192797173548E-8
691.8309709187431 5.88341504101485E-8
707.9457843839397 5.490722390400077E-8
724.4359600747869 5.124240285322423E-8
741.3102413007092 4.7822192845935277E-8
758.5775750289703 4.463026714700406E-8
776.2471166284729 4.1651388760651506E-8
794.3282347240572 3.887133769503706E-8
812.8305161638693 3.627684308161659E-8
831.7637711024353 3.385551982524722E-8
851.1380382021348 3.159580948262032E-8
870.963589955833 2.9486925086808324E-8
891.2509381334917 2.7518799654532784E-8
912.0108393556495 2.5682038130353384E-8
933.2543007967242 2.3967872538374478E-8
954.9925860211624 2.2368120127381666E-8
977.2372209555303 2.0875144309611873E-8
999.9999999997127 1.94818182066922E-8
1023.2929922804595 1.8181490628729412E-8
